timestamp,cpu_avg,rps,mem_avg,lat_p95,err_rate,phi1,phi2,phi3
1527379200,0.4416,36.3,0.3324,71.7,0.00159,0.3273,0.2464,0.4263
1527379500,0.4331,35.9,0.3267,84.4,0.0017,0.3337,0.2517,0.4146
1527379800,0.4114,34.8,0.3234,73.5,0.00236,0.333,0.2618,0.4052
1527380100,0.408,35.1,0.3271,73.8,0.0017,0.3276,0.2626,0.4098
1527380400,0.4168,36.6,0.3337,70.4,0.00208,0.3259,0.261,0.4131
1527380700,0.4115,37.8,0.3345,72.2,0.00104,0.3199,0.26,0.4201
1527381000,0.4212,37.6,0.3356,70.3,0.00147,0.3266,0.2602,0.4132
1527381300,0.4194,36.6,0.3331,74.3,0.00168,0.3273,0.26,0.4127
1527381600,0.4372,36.4,0.3326,72.8,0.00105,0.3365,0.256,0.4075
1527381900,0.4366,36.4,0.3333,63.8,0.00102,0.333,0.2542,0.4127
1527382200,0.4297,36.0,0.3374,70.8,0.00147,0.3261,0.2561,0.4178
1527382500,0.4249,35.3,0.342,65.9,0.00189,0.3238,0.2606,0.4156
1527382800,0.4204,35.2,0.3385,74.7,0.0015,0.3265,0.2629,0.4107
1527383100,0.4066,35.2,0.3372,71.5,0.00128,0.3207,0.266,0.4133
1527383400,0.409,35.0,0.3378,78.7,0.00145,0.3228,0.2666,0.4105
1527383700,0.4094,35.3,0.3378,75.1,0.00107,0.324,0.2673,0.4088
1527384000,0.4077,35.0,0.3364,68.2,0.00109,0.3229,0.2665,0.4106
1527384300,0.4124,35.2,0.3372,73.7,0.00184,0.3235,0.2645,0.4119
1527384600,0.4179,35.2,0.3353,75.7,0.00163,0.328,0.2632,0.4089
1527384900,0.4074,34.4,0.3351,60.0,0.00152,0.3258,0.268,0.4062
1527385200,0.4131,34.3,0.3363,70.0,0.00106,0.3295,0.2682,0.4023
1527385500,0.4124,34.1,0.3367,78.9,0.00105,0.3304,0.2697,0.3999
1527385800,0.415,33.4,0.3363,73.0,0.00151,0.338,0.2739,0.3881
1527386100,0.412,33.1,0.3357,78.5,0.00149,0.3381,0.2755,0.3864
1527386400,0.4262,32.9,0.3349,69.9,0.00107,0.3475,0.2731,0.3794
1527386700,0.4072,32.5,0.3325,64.3,0.00202,0.3373,0.2754,0.3873
1527387000,0.3874,31.1,0.3277,76.6,0.00125,0.3308,0.2799,0.3893
1527387300,0.3737,31.3,0.3236,73.0,0.0013,0.3248,0.2813,0.3939
1527387600,0.3837,33.6,0.3262,78.2,0.00152,0.327,0.278,0.3951
1527387900,0.3927,36.9,0.3239,68.9,0.00101,0.33,0.2721,0.3979
1527388200,0.3946,37.7,0.3261,74.4,0.0012,0.3313,0.2738,0.395
1527388500,0.3909,36.8,0.328,67.8,0.00163,0.3242,0.272,0.4038
1527388800,0.4062,37.0,0.33,63.4,0.00119,0.3309,0.2688,0.4003
1527389100,0.4058,36.8,0.333,67.2,0.00124,0.3297,0.2705,0.3998
1527389400,0.4141,35.9,0.3336,67.3,0.00133,0.3344,0.2694,0.3963
1527389700,0.4211,35.4,0.3307,69.1,0.00138,0.3397,0.2668,0.3935
1527390000,0.4015,34.8,0.3259,70.0,0.00118,0.3308,0.2685,0.4008
1527390300,0.3965,34.8,0.3254,62.5,0.00174,0.329,0.27,0.4009
1527390600,0.3997,34.6,0.3201,77.3,0.00175,0.3383,0.271,0.3907
1527390900,0.3775,35.5,0.3209,74.1,0.00212,0.3225,0.2741,0.4034
1527391200,0.3968,36.3,0.3255,72.2,0.00137,0.327,0.2682,0.4048
1527391500,0.4022,37.5,0.3315,70.7,0.00115,0.3251,0.2679,0.407
1527391800,0.4076,37.5,0.3334,78.3,0.0013,0.3279,0.2682,0.4039
1527392100,0.4128,37.5,0.3339,72.6,0.00168,0.3323,0.2688,0.3988
1527392400,0.4133,36.7,0.3321,64.9,0.00111,0.3355,0.2696,0.3949
1527392700,0.3936,36.3,0.3309,81.1,0.00134,0.3274,0.2753,0.3973
1527393000,0.4046,36.8,0.3289,69.8,0.00108,0.3337,0.2713,0.395
1527393300,0.3967,37.5,0.3286,69.5,0.0018,0.3292,0.2727,0.3981
1527393600,0.3985,36.8,0.3279,80.0,0.00123,0.3317,0.2729,0.3953
1527393900,0.3948,36.5,0.3265,67.5,0.00103,0.3305,0.2733,0.3962
1527394200,0.4154,35.4,0.3293,69.1,0.00142,0.3403,0.2698,0.3899
1527394500,0.3895,35.9,0.3252,69.0,0.00129,0.331,0.2764,0.3926
1527394800,0.4058,36.6,0.3239,65.5,0.00109,0.3401,0.2714,0.3885
1527395100,0.4031,36.5,0.3248,69.7,0.00143,0.3375,0.272,0.3905
1527395400,0.4142,35.3,0.327,73.4,0.00132,0.3443,0.2718,0.384
1527395700,0.4046,35.0,0.3279,74.3,0.00112,0.3345,0.2711,0.3944
1527396000,0.4149,34.3,0.33,65.5,0.00119,0.3391,0.2697,0.3913
1527396300,0.3992,34.2,0.3288,71.1,0.00119,0.3328,0.2741,0.3931
1527396600,0.3943,32.8,0.3262,72.7,0.00104,0.3362,0.2781,0.3857
1527396900,0.3858,33.5,0.3217,68.3,0.00178,0.334,0.2785,0.3874
1527397200,0.3977,34.3,0.325,71.4,0.00192,0.3367,0.2751,0.3882
1527397500,0.3841,35.4,0.3256,66.3,0.00156,0.3251,0.2756,0.3993
1527397800,0.4063,33.5,0.327,70.8,0.00118,0.3405,0.274,0.3855
1527398100,0.4122,33.2,0.3305,76.3,0.00112,0.3402,0.2728,0.387
1527398400,0.4197,33.2,0.3281,67.0,0.00108,0.3443,0.2692,0.3865
1527398700,0.4082,33.6,0.3279,68.5,0.0012,0.3385,0.2719,0.3895
1527399000,0.4205,33.6,0.3269,74.1,0.0013,0.3446,0.2679,0.3876
1527399300,0.4057,33.4,0.3293,63.8,0.00127,0.3384,0.2746,0.387
1527399600,0.4097,32.9,0.3281,77.5,0.00102,0.3416,0.2736,0.3848
1527399900,0.4095,33.0,0.3282,79.9,0.00121,0.34,0.2725,0.3876
1527400200,0.4186,33.2,0.3269,64.2,0.00108,0.3445,0.269,0.3864
1527400500,0.4061,33.5,0.33,68.1,0.00108,0.3348,0.272,0.3932
1527400800,0.421,34.3,0.3332,69.0,0.00209,0.3395,0.2687,0.3918
1527401100,0.4128,35.0,0.334,74.2,0.00196,0.3363,0.2721,0.3916
1527401400,0.4113,35.4,0.3336,75.8,0.00169,0.3366,0.273,0.3903
1527401700,0.4023,34.7,0.3301,68.3,0.00219,0.3347,0.2746,0.3907
1527402000,0.4031,34.1,0.3281,84.8,0.00116,0.3351,0.2728,0.3921
1527402300,0.415,34.4,0.33,81.3,0.00132,0.3394,0.2699,0.3906
1527402600,0.3954,33.9,0.3296,74.1,0.00142,0.3304,0.2754,0.3942
1527402900,0.4064,34.7,0.3278,73.1,0.00165,0.3359,0.2709,0.3931
1527403200,0.423,34.8,0.3319,68.5,0.00179,0.3451,0.2707,0.3842
1527403500,0.4179,34.8,0.333,63.5,0.00194,0.3379,0.2693,0.3928
1527403800,0.4233,34.4,0.3342,78.1,0.001,0.3415,0.2696,0.389
1527404100,0.4284,34.1,0.3325,76.0,0.00129,0.3476,0.2698,0.3827
1527404400,0.4319,33.8,0.3327,68.9,0.00107,0.3507,0.2702,0.3791
1527404700,0.4187,33.2,0.3297,71.7,0.00166,0.3479,0.2739,0.3782
1527405000,0.3955,33.1,0.3241,74.2,0.00179,0.335,0.2745,0.3904
1527405300,0.403,33.5,0.3263,72.1,0.00123,0.3333,0.2699,0.3969
1527405600,0.3944,34.9,0.3248,64.3,0.00166,0.3263,0.2687,0.405
1527405900,0.4047,35.3,0.3295,69.1,0.00121,0.3271,0.2663,0.4066
1527406200,0.4314,35.7,0.3365,72.4,0.00115,0.3368,0.2627,0.4005
1527406500,0.4227,35.3,0.3341,72.1,0.00136,0.3372,0.2666,0.3962
1527406800,0.4098,34.5,0.3328,74.5,0.00191,0.3325,0.2701,0.3974
1527407100,0.4055,33.8,0.3313,75.0,0.0017,0.3352,0.2738,0.391
1527407400,0.4035,34.1,0.33,72.4,0.00162,0.337,0.2756,0.3874
1527407700,0.3946,33.4,0.3244,73.6,0.00125,0.3428,0.2818,0.3754
1527408000,0.3736,34.1,0.3179,69.1,0.00116,0.3349,0.2849,0.3802
1527408300,0.3855,34.6,0.3205,69.3,0.00131,0.3353,0.2788,0.3859
1527408600,0.3874,34.5,0.3205,65.0,0.00132,0.3335,0.2759,0.3906
1527408900,0.3959,35.1,0.3258,63.0,0.0011,0.3336,0.2746,0.3918
1527409200,0.4027,36.3,0.3276,75.6,0.00164,0.3343,0.272,0.3937
1527409500,0.4049,36.6,0.3299,72.0,0.00124,0.3347,0.2727,0.3926
1527409800,0.4112,36.3,0.3319,65.7,0.00113,0.3349,0.2703,0.3948
1527410100,0.4217,35.7,0.3303,73.3,0.001,0.342,0.2679,0.3902
1527410400,0.4247,35.3,0.3299,70.3,0.00144,0.3421,0.2658,0.3921
1527410700,0.4238,34.5,0.3313,67.3,0.00156,0.342,0.2673,0.3907
1527411000,0.4185,34.4,0.3337,77.6,0.00126,0.3376,0.2692,0.3932
1527411300,0.4182,34.8,0.3307,67.7,0.0017,0.3365,0.2661,0.3974
1527411600,0.4077,35.6,0.3275,70.7,0.00141,0.3315,0.2663,0.4022
1527411900,0.4116,36.8,0.3293,80.2,0.00151,0.3268,0.2614,0.4118
1527412200,0.4061,37.6,0.33,67.7,0.00143,0.3207,0.2606,0.4187
1527412500,0.4217,38.2,0.3323,79.8,0.00124,0.3242,0.2554,0.4204
1527412800,0.4234,39.4,0.3313,72.2,0.0014,0.3268,0.2557,0.4175
1527413100,0.4234,38.9,0.3335,73.2,0.00126,0.3251,0.256,0.4189
1527413400,0.4228,38.5,0.3348,69.5,0.00109,0.3292,0.2606,0.4102
1527413700,0.4307,38.8,0.3396,77.0,0.00126,0.3314,0.2613,0.4073
1527414000,0.4194,39.0,0.3366,65.2,0.0015,0.3277,0.263,0.4093
1527414300,0.4017,38.0,0.3322,69.6,0.00129,0.3208,0.2653,0.4139
1527414600,0.4154,37.7,0.3352,68.0,0.00116,0.3257,0.2628,0.4115
1527414900,0.4062,37.8,0.3311,70.0,0.0013,0.324,0.2641,0.4119
1527415200,0.3973,36.9,0.3305,71.8,0.00123,0.3176,0.2642,0.4181
1527415500,0.428,36.4,0.3385,68.1,0.00143,0.3288,0.26,0.4112
1527415800,0.4145,36.4,0.3373,71.7,0.00117,0.3263,0.2656,0.4081
1527416100,0.4128,36.6,0.3348,65.4,0.00169,0.3278,0.2659,0.4063
1527416400,0.4129,37.2,0.3372,75.8,0.00152,0.3278,0.2677,0.4045
1527416700,0.4185,37.0,0.3332,80.0,0.00116,0.3304,0.2631,0.4065
1527417000,0.4324,36.9,0.3374,78.3,0.00137,0.3353,0.2616,0.4031
1527417300,0.4212,36.6,0.3365,81.2,0.0012,0.3324,0.2656,0.402
1527417600,0.4119,37.2,0.3295,69.4,0.00213,0.3337,0.267,0.3993
1527417900,0.4082,37.2,0.3344,77.4,0.00146,0.3262,0.2672,0.4066
1527418200,0.4073,37.2,0.3335,69.5,0.00109,0.3255,0.2665,0.4081
1527418500,0.4053,37.1,0.3322,73.0,0.00177,0.3241,0.2656,0.4103
1527418800,0.4193,37.6,0.334,73.7,0.00124,0.329,0.262,0.409
1527419100,0.4201,37.9,0.3349,73.4,0.00168,0.3272,0.2608,0.412
1527419400,0.4257,37.7,0.3364,65.2,0.00254,0.33,0.2608,0.4092
1527419700,0.4331,36.8,0.3368,69.0,0.00107,0.3405,0.2648,0.3947
1527420000,0.428,36.9,0.3344,82.7,0.00113,0.3394,0.2651,0.3955
1527420300,0.4173,37.5,0.3336,68.4,0.00133,0.3344,0.2673,0.3983
1527420600,0.4347,37.5,0.3357,88.1,0.00137,0.3417,0.2639,0.3944
1527420900,0.426,37.9,0.3346,69.2,0.00145,0.3356,0.2636,0.4007
1527421200,0.4206,38.0,0.3294,68.6,0.00194,0.3344,0.2619,0.4038
1527421500,0.4193,38.1,0.3313,72.0,0.00122,0.332,0.2623,0.4057
1527421800,0.4238,38.8,0.3259,66.3,0.00103,0.3387,0.2604,0.4009
1527422100,0.4222,39.8,0.3277,78.0,0.00102,0.3368,0.2614,0.4018
1527422400,0.4323,39.7,0.3358,68.0,0.0013,0.3359,0.2609,0.4032
1527422700,0.4293,38.8,0.3387,77.6,0.00107,0.3372,0.2661,0.3967
1527423000,0.4265,37.0,0.334,82.1,0.00155,0.3417,0.2676,0.3906
1527423300,0.4332,36.7,0.3357,66.1,0.00139,0.3463,0.2683,0.3854
1527423600,0.4211,37.7,0.3297,78.1,0.00116,0.3439,0.2693,0.3868
1527423900,0.4164,38.8,0.3311,70.1,0.00157,0.3395,0.27,0.3905
1527424200,0.4327,39.0,0.3362,69.4,0.00167,0.3438,0.2672,0.389
1527424500,0.4293,39.5,0.3324,73.0,0.00139,0.3444,0.2666,0.389
1527424800,0.4319,40.0,0.3329,63.2,0.00154,0.3453,0.2662,0.3885
1527425100,0.4341,39.5,0.3283,67.8,0.00113,0.3497,0.2644,0.3859
1527425400,0.4361,40.5,0.3303,78.1,0.00118,0.3481,0.2637,0.3882
1527425700,0.4544,41.1,0.2892,78.0,0.00125,0.5171,0.3291,0.1537
1527426000,0.4616,46.3,0.2977,82.9,0.00129,0.5001,0.3225,0.1774
1527426300,0.4799,50.2,0.302,82.1,0.00138,0.4809,0.3026,0.2165
1527426600,0.4948,53.0,0.3122,74.8,0.0014,0.4638,0.2926,0.2436
1527426900,0.5144,51.9,0.3178,82.8,0.00247,0.4597,0.284,0.2563
1527427200,0.5068,50.9,0.318,79.2,0.00153,0.4557,0.2859,0.2583
1527427500,0.4699,43.1,0.3093,80.8,0.00174,0.4746,0.3124,0.213
1527427800,0.4782,41.9,0.3123,78.2,0.00266,0.4694,0.3066,0.224
1527428100,0.4652,43.3,0.3136,66.5,0.00159,0.4459,0.3006,0.2535
1527428400,0.4669,44.2,0.3171,71.4,0.00103,0.4394,0.2984,0.2622
1527428700,0.4775,45.3,0.3201,82.8,0.00125,0.4395,0.2947,0.2658
1527429000,0.4692,40.5,0.3221,82.9,0.00144,0.4652,0.3194,0.2154
1527429300,0.462,40.3,0.3259,75.3,0.00145,0.4569,0.3223,0.2209
1527429600,0.4607,40.5,0.3245,72.7,0.00122,0.4545,0.3202,0.2253
1527429900,0.4562,41.0,0.3237,73.5,0.00167,0.4491,0.3187,0.2322
1527430200,0.4509,41.3,0.3227,76.4,0.0016,0.443,0.317,0.24
1527430500,0.453,42.3,0.3237,77.1,0.0013,0.4388,0.3135,0.2477
1527430800,0.4608,43.5,0.3257,81.0,0.00151,0.4403,0.3112,0.2485
1527431100,0.4644,44.3,0.3293,75.5,0.00202,0.4361,0.3092,0.2547
1527431400,0.463,44.5,0.3311,81.7,0.00125,0.4365,0.3121,0.2514
1527431700,0.4597,44.3,0.3313,80.1,0.00152,0.4353,0.3137,0.2511
1527432000,0.4539,43.5,0.3284,77.3,0.00146,0.4366,0.3159,0.2475
1527432300,0.4554,42.5,0.3249,72.8,0.00125,0.4395,0.3135,0.247
1527432600,0.46,43.1,0.3263,71.7,0.00123,0.4396,0.3118,0.2486
1527432900,0.4631,43.9,0.3293,70.9,0.00147,0.4368,0.3106,0.2526
1527433200,0.4586,44.7,0.3284,78.3,0.00166,0.4339,0.3107,0.2553
1527433500,0.4526,45.7,0.33,83.8,0.0014,0.4286,0.3125,0.2589
1527433800,0.4406,46.6,0.3299,72.8,0.00111,0.4208,0.3151,0.2641
1527434100,0.4442,47.5,0.3298,71.4,0.00164,0.4203,0.312,0.2677
1527434400,0.4561,47.9,0.3293,78.8,0.00198,0.4236,0.3059,0.2705
1527434700,0.457,48.1,0.3318,83.0,0.00119,0.4212,0.3058,0.273
1527435000,0.4253,46.4,0.3283,77.4,0.00149,0.4118,0.3179,0.2704
1527435300,0.3767,42.7,0.3211,64.6,0.00131,0.3868,0.3297,0.2835
1527435600,0.3369,38.5,0.3173,64.9,0.00101,0.3559,0.3352,0.3088
1527435900,0.3347,35.4,0.3175,62.9,0.0013,0.3461,0.3283,0.3256
1527436200,0.3422,34.8,0.3214,67.3,0.00112,0.3381,0.3175,0.3444
1527436500,0.3391,35.9,0.3178,66.8,0.0021,0.3283,0.3077,0.364
1527436800,0.3418,38.1,0.3148,69.7,0.00133,0.321,0.2956,0.3834
1527437100,0.3439,39.4,0.3227,67.4,0.00103,0.3051,0.2863,0.4086
1527437400,0.3372,39.5,0.3258,64.0,0.00126,0.2905,0.2807,0.4288
1527437700,0.3506,39.4,0.3327,66.1,0.00126,0.2887,0.274,0.4373
1527438000,0.3652,40.5,0.3355,71.5,0.00153,0.2917,0.268,0.4403
1527438300,0.3716,41.0,0.3398,67.1,0.00137,0.291,0.2661,0.4429
1527438600,0.363,40.2,0.3377,64.0,0.00117,0.2852,0.2653,0.4495
1527438900,0.3678,40.0,0.3369,67.8,0.0016,0.2828,0.259,0.4582
1527439200,0.3898,39.5,0.3398,70.3,0.00133,0.2889,0.2519,0.4592
1527439500,0.3943,39.3,0.3426,73.1,0.00118,0.2897,0.2517,0.4586
1527439800,0.4754,28.5,0.3447,73.1,0.00104,0.4214,0.3055,0.2731
1527440100,0.4981,33.2,0.3611,76.2,0.00106,0.3928,0.2848,0.3224
1527440400,0.4948,36.4,0.3576,80.6,0.00138,0.3843,0.2778,0.3379
1527440700,0.4745,38.7,0.3411,83.7,0.00166,0.3649,0.2623,0.3729
1527441000,0.4725,40.3,0.3592,81.1,0.00176,0.3513,0.267,0.3817
1527441300,0.4805,40.6,0.3553,81.9,0.00137,0.3523,0.2605,0.3873
1527441600,0.4829,41.9,0.36,76.2,0.00147,0.3521,0.2625,0.3855
1527441900,0.4725,42.3,0.3598,80.5,0.00117,0.3447,0.2625,0.3928
1527442200,0.4737,42.4,0.3588,81.1,0.00175,0.346,0.2621,0.392
1527442500,0.4701,42.3,0.354,76.3,0.00102,0.3379,0.2544,0.4077
1527442800,0.4452,42.8,0.3476,71.9,0.00154,0.3194,0.2494,0.4312
1527443100,0.4724,43.4,0.3557,78.7,0.00128,0.3304,0.2487,0.4209
1527443400,0.3905,44.5,0.308,77.9,0.00122,0.2926,0.2308,0.4766
1527443700,0.3732,45.5,0.3249,69.6,0.00114,0.2617,0.2278,0.5104
1527444000,0.4854,46.9,0.3808,81.2,0.00104,0.2992,0.2347,0.4661
1527444300,0.5067,48.4,0.3743,82.3,0.00153,0.3253,0.2403,0.4343
1527444600,0.3892,48.7,0.3125,68.0,0.00142,0.2882,0.2314,0.4804
1527444900,0.3635,48.3,0.323,60.0,0.00193,0.2598,0.2309,0.5093
1527445200,0.4845,48.8,0.3746,74.8,0.00169,0.3049,0.2358,0.4593
1527445500,0.475,50.8,0.3636,86.3,0.00109,0.312,0.2389,0.4491
1527445800,0.4511,50.0,0.3468,74.0,0.00142,0.3019,0.2321,0.466
1527446100,0.478,48.7,0.3592,68.4,0.00255,0.3144,0.2363,0.4493
1527446400,0.4931,47.5,0.3632,77.3,0.00104,0.3267,0.2407,0.4326
1527446700,0.4765,46.2,0.3589,80.9,0.00139,0.3226,0.243,0.4344
1527447000,0.4956,45.6,0.3602,86.7,0.00212,0.3303,0.2401,0.4296
1527447300,0.4765,44.5,0.3485,78.7,0.00185,0.3288,0.2404,0.4308
1527447600,0.4528,43.8,0.3355,74.4,0.00103,0.3245,0.2405,0.435
1527447900,0.4769,44.1,0.3546,75.7,0.00107,0.3382,0.2515,0.4103
1527448200,0.4871,44.9,0.3565,82.2,0.00142,0.3398,0.2487,0.4115
1527448500,0.469,45.4,0.3515,79.6,0.00153,0.3316,0.2485,0.4199
1527448800,0.4663,45.4,0.3509,79.1,0.00181,0.3267,0.2459,0.4274
1527449100,0.4704,46.1,0.35,69.1,0.00137,0.3279,0.244,0.4282
1527449400,0.4749,46.6,0.3488,79.1,0.00234,0.3277,0.2407,0.4317
1527449700,0.4705,46.8,0.3577,77.8,0.00146,0.3279,0.2493,0.4228
1527450000,0.4457,46.5,0.3479,84.0,0.00133,0.3197,0.2495,0.4308
1527450300,0.4496,46.0,0.3406,81.1,0.00147,0.314,0.2379,0.4481
1527450600,0.4976,46.6,0.3655,83.6,0.00175,0.3359,0.2467,0.4174
1527450900,0.4792,46.9,0.3577,75.7,0.0013,0.3346,0.2498,0.4156
1527451200,0.4692,46.6,0.3486,79.0,0.00141,0.3348,0.2488,0.4164
1527451500,0.504,45.7,0.3608,81.7,0.00142,0.3328,0.2383,0.4289
1527451800,0.4929,46.1,0.353,84.0,0.00119,0.3385,0.2425,0.419
1527452100,0.467,45.1,0.3518,76.1,0.00108,0.3386,0.2551,0.4063
1527452400,0.4741,44.5,0.3606,80.7,0.00144,0.3411,0.2594,0.3995
1527452700,0.48,44.9,0.3616,72.8,0.00169,0.344,0.2591,0.3969
1527453000,0.482,44.6,0.3588,81.5,0.00113,0.3469,0.2583,0.3948
1527453300,0.4709,44.2,0.351,81.1,0.00103,0.3507,0.2614,0.388
1527453600,0.4806,44.1,0.3605,83.2,0.00133,0.3436,0.2578,0.3986
1527453900,0.4924,44.6,0.3587,87.7,0.00155,0.345,0.2513,0.4036
1527454200,0.4759,44.8,0.3525,80.9,0.00104,0.3327,0.2464,0.4209
1527454500,0.4934,46.2,0.3565,75.6,0.00192,0.3331,0.2407,0.4263
1527454800,0.501,48.2,0.3462,73.8,0.00163,0.3291,0.2274,0.4435
1527455100,0.5415,49.6,0.3625,77.3,0.00231,0.3422,0.2291,0.4288
1527455400,0.5282,49.2,0.3771,78.4,0.00186,0.3372,0.2408,0.422
1527455700,0.5226,48.5,0.3795,75.5,0.0018,0.3358,0.2439,0.4203
1527456000,0.5195,48.4,0.3784,88.1,0.0017,0.3354,0.2443,0.4203
1527456300,0.5075,48.7,0.375,76.5,0.0015,0.3306,0.2443,0.4251
1527456600,0.5004,48.5,0.3724,73.5,0.00106,0.3266,0.2431,0.4303
1527456900,0.4836,48.1,0.3677,86.6,0.00112,0.3189,0.2425,0.4386
1527457200,0.4762,47.8,0.3658,75.1,0.00116,0.3117,0.2395,0.4488
1527457500,0.4733,47.2,0.3657,79.5,0.00163,0.3107,0.2401,0.4492
1527457800,0.493,46.7,0.3692,77.3,0.00127,0.318,0.2381,0.4439
1527458100,0.5085,47.1,0.3709,81.3,0.00154,0.3259,0.2377,0.4363
1527458400,0.4693,47.5,0.3688,81.8,0.00123,0.3105,0.244,0.4454
1527458700,0.4439,47.7,0.3541,83.1,0.00111,0.305,0.2433,0.4516
1527459000,0.481,47.3,0.3589,79.7,0.00161,0.3171,0.2366,0.4463
1527459300,0.5036,48.1,0.3685,83.5,0.00172,0.3221,0.2357,0.4423
1527459600,0.4915,48.3,0.3627,84.2,0.00101,0.3217,0.2374,0.441
1527459900,0.4568,48.4,0.3634,74.7,0.00114,0.3061,0.2435,0.4504
1527460200,0.4728,48.2,0.3685,82.2,0.00123,0.3133,0.2442,0.4424
1527460500,0.4789,47.5,0.3589,77.0,0.00195,0.3189,0.239,0.4421
1527460800,0.4744,46.1,0.353,82.5,0.0011,0.3158,0.235,0.4492
1527461100,0.4927,45.6,0.3693,79.4,0.00112,0.3187,0.2389,0.4424
1527461400,0.4922,46.3,0.3657,78.6,0.00172,0.3203,0.238,0.4417
1527461700,0.4964,46.2,0.3608,75.2,0.0015,0.3226,0.2345,0.4429
1527462000,0.5028,45.1,0.3645,78.8,0.00166,0.3257,0.2361,0.4383
1527462300,0.5183,45.0,0.3709,97.3,0.00253,0.3309,0.2368,0.4323
1527462600,0.5251,44.9,0.3686,89.1,0.00252,0.334,0.2345,0.4315
1527462900,0.5185,45.0,0.3635,76.6,0.00197,0.3348,0.2347,0.4305
1527463200,0.5133,45.3,0.3624,75.7,0.00184,0.3344,0.2361,0.4295
1527463500,0.5048,46.3,0.3577,83.6,0.00119,0.3313,0.2348,0.4339
1527463800,0.5071,47.1,0.354,74.5,0.00156,0.3336,0.2329,0.4335
1527464100,0.5155,46.4,0.365,76.2,0.00152,0.3407,0.2412,0.4181
1527464400,0.5219,44.8,0.3691,82.3,0.00215,0.3485,0.2465,0.405
1527464700,0.5083,44.1,0.3658,81.6,0.00135,0.3494,0.2514,0.3992
1527465000,0.5097,43.4,0.3615,79.6,0.00203,0.3547,0.2516,0.3937
1527465300,0.5209,42.5,0.3647,69.6,0.00163,0.3675,0.2573,0.3752
1527465600,0.4982,40.9,0.3536,80.4,0.00137,0.3735,0.2651,0.3614
1527465900,0.4962,40.7,0.3578,84.4,0.00105,0.3744,0.27,0.3556
1527466200,0.498,41.2,0.3538,86.2,0.0012,0.3812,0.2708,0.348
1527466500,0.4971,42.0,0.3481,83.8,0.00125,0.3853,0.2698,0.3449
1527466800,0.4874,42.1,0.3392,79.8,0.00136,0.3826,0.2662,0.3512
1527467100,0.4926,43.4,0.3426,81.5,0.00134,0.3859,0.2684,0.3457
1527467400,0.5122,45.3,0.3529,73.4,0.00163,0.3863,0.2662,0.3476
1527467700,0.5016,46.6,0.3511,85.9,0.00105,0.3781,0.2646,0.3573
1527468000,0.4998,46.0,0.3481,81.5,0.00138,0.3756,0.2616,0.3629
1527468300,0.5015,45.6,0.3588,84.0,0.00145,0.3706,0.2651,0.3643
1527468600,0.5003,45.1,0.3508,79.8,0.00155,0.378,0.2651,0.3569
1527468900,0.4994,45.1,0.3609,68.5,0.00204,0.3746,0.2707,0.3547
1527469200,0.4962,45.3,0.3563,75.6,0.00125,0.3731,0.2679,0.359
1527469500,0.4873,46.3,0.3522,76.3,0.00116,0.3698,0.2673,0.363
1527469800,0.4892,46.7,0.3521,77.2,0.00127,0.369,0.2656,0.3654
1527470100,0.506,46.9,0.3602,82.4,0.00159,0.3731,0.2656,0.3613
1527470400,0.4953,46.5,0.3565,72.6,0.00156,0.371,0.267,0.362
1527470700,0.4897,46.6,0.3543,82.0,0.00138,0.3675,0.2659,0.3666
1527471000,0.4838,46.6,0.3519,82.0,0.00133,0.3666,0.2667,0.3667
1527471300,0.4948,46.8,0.3569,76.1,0.00128,0.3699,0.2668,0.3632
1527471600,0.4928,46.9,0.3599,83.1,0.00183,0.368,0.2687,0.3633
1527471900,0.4902,47.1,0.356,74.5,0.00121,0.3664,0.2661,0.3674
1527472200,0.497,46.3,0.3476,79.0,0.00135,0.3732,0.261,0.3658
1527472500,0.5026,46.0,0.3511,77.1,0.00154,0.3754,0.2623,0.3623
1527472800,0.5001,46.5,0.3531,78.6,0.0014,0.3714,0.2622,0.3664
1527473100,0.4819,47.7,0.3513,72.3,0.00175,0.3623,0.2641,0.3736
1527473400,0.4682,47.3,0.349,71.8,0.00162,0.3562,0.2655,0.3783
1527473700,0.4573,47.4,0.3472,72.3,0.00164,0.3516,0.267,0.3814
1527474000,0.4579,47.8,0.3476,81.9,0.00112,0.3488,0.2648,0.3864
1527474300,0.4745,48.5,0.35,84.3,0.00175,0.3535,0.2607,0.3858
1527474600,0.5026,48.9,0.3552,86.3,0.00123,0.3643,0.2574,0.3783
1527474900,0.5119,47.9,0.3549,88.5,0.00139,0.3767,0.2611,0.3622
1527475200,0.5246,46.8,0.3603,90.8,0.00219,0.3795,0.2606,0.3599
1527475500,0.4939,45.2,0.3472,88.0,0.00203,0.3787,0.2662,0.3551
1527475800,0.4508,44.6,0.3247,79.5,0.0012,0.3668,0.2642,0.369
1527476100,0.4537,46.9,0.327,76.4,0.00116,0.3602,0.2596,0.3802
1527476400,0.4734,47.9,0.3298,75.9,0.00102,0.3565,0.2484,0.3951
1527476700,0.4625,49.2,0.3258,84.7,0.00127,0.3489,0.2458,0.4053
1527477000,0.4488,48.1,0.3187,71.0,0.00129,0.3431,0.2436,0.4133
1527477300,0.4415,47.4,0.3068,71.7,0.00137,0.342,0.2377,0.4203
1527477600,0.4491,49.1,0.3067,72.8,0.00118,0.3425,0.2339,0.4237
1527477900,0.4488,50.5,0.3065,78.6,0.00149,0.3341,0.2282,0.4376
1527478200,0.4427,51.5,0.3049,75.3,0.00108,0.325,0.2238,0.4512
1527478500,0.441,53.2,0.3048,86.0,0.00103,0.3183,0.22,0.4617
1527478800,0.4469,54.3,0.3054,76.7,0.00104,0.313,0.2139,0.4731
1527479100,0.4435,56.1,0.3073,70.1,0.00135,0.304,0.2106,0.4854
1527479400,0.4511,56.9,0.3105,75.9,0.00236,0.3015,0.2076,0.4909
1527479700,0.4562,56.7,0.3112,74.3,0.00167,0.2999,0.2045,0.4956
1527480000,0.4455,56.5,0.3075,81.5,0.00139,0.2947,0.2034,0.5019
1527480300,0.4434,57.0,0.3126,80.1,0.00102,0.2892,0.2039,0.5068
1527480600,0.4473,58.1,0.3069,77.0,0.00106,0.2901,0.199,0.5108
1527480900,0.4618,60.0,0.3126,69.7,0.00168,0.291,0.197,0.512
1527481200,0.4717,61.5,0.3165,68.8,0.0015,0.2917,0.1957,0.5126
1527481500,0.4683,62.5,0.3143,81.8,0.00159,0.2899,0.1946,0.5155
1527481800,0.4677,62.2,0.3188,84.5,0.00121,0.2876,0.196,0.5164
1527482100,0.4563,61.9,0.3183,71.5,0.00104,0.2819,0.1967,0.5214
1527482400,0.4637,61.6,0.3203,81.3,0.00128,0.2835,0.1958,0.5207
1527482700,0.465,61.0,0.3243,71.3,0.00105,0.2832,0.1975,0.5193
1527483000,0.4719,59.6,0.3266,80.9,0.00137,0.2867,0.1984,0.5149
1527483300,0.4674,59.7,0.3256,75.8,0.00154,0.2866,0.1997,0.5137
1527483600,0.458,58.3,0.3228,77.8,0.0011,0.2872,0.2025,0.5103
1527483900,0.4609,59.5,0.3228,84.0,0.00124,0.2875,0.2013,0.5112
1527484200,0.4524,59.1,0.3218,71.9,0.00152,0.2833,0.2015,0.5152
1527484500,0.4614,58.7,0.3283,76.9,0.00112,0.2864,0.2038,0.5098
1527484800,0.4446,60.0,0.3228,78.3,0.00153,0.2791,0.2026,0.5183
1527485100,0.4521,59.3,0.326,71.2,0.00172,0.2788,0.2011,0.5201
1527485400,0.4592,60.2,0.3281,74.6,0.00189,0.281,0.2008,0.5182
1527485700,0.4767,60.3,0.3289,79.2,0.00148,0.2856,0.1971,0.5173
1527486000,0.4245,60.0,0.3077,74.1,0.002,0.2639,0.1913,0.5449
1527486300,0.4102,59.6,0.2973,73.1,0.00109,0.2544,0.1844,0.5612
1527486600,0.4801,59.9,0.3416,73.5,0.00165,0.2729,0.1942,0.5329
1527486900,0.531,60.5,0.3501,81.9,0.00204,0.3007,0.1983,0.501
1527487200,0.5213,60.8,0.338,78.3,0.00205,0.3038,0.197,0.4993
1527487500,0.5057,59.4,0.3365,80.4,0.00186,0.3007,0.2001,0.4993
1527487800,0.5009,58.4,0.3368,77.6,0.00117,0.3002,0.2019,0.4979
1527488100,0.474,58.2,0.3297,73.6,0.0019,0.2917,0.2029,0.5054
1527488400,0.496,58.8,0.3336,77.5,0.00121,0.2987,0.2009,0.5004
1527488700,0.5013,59.4,0.3343,76.7,0.00148,0.3001,0.2001,0.4998
1527489000,0.4912,57.1,0.3297,82.2,0.00161,0.2995,0.201,0.4994
1527489300,0.4829,56.6,0.3338,70.4,0.00215,0.2971,0.2053,0.4976
1527489600,0.4868,56.2,0.3352,77.5,0.00132,0.2981,0.2053,0.4966
1527489900,0.4813,56.1,0.3365,82.4,0.0011,0.2949,0.2062,0.499
1527490200,0.4691,56.0,0.337,76.2,0.00146,0.2873,0.2064,0.5062
1527490500,0.4538,56.3,0.3311,73.0,0.00177,0.2802,0.2044,0.5154
1527490800,0.4603,57.3,0.3302,67.2,0.00106,0.279,0.2001,0.5209
1527491100,0.4666,58.4,0.3375,71.6,0.00192,0.2781,0.2012,0.5207
1527491400,0.4755,59.8,0.3333,75.9,0.0023,0.2801,0.1963,0.5235
1527491700,0.4846,59.6,0.3387,82.9,0.00154,0.2825,0.1974,0.5201
1527492000,0.4821,59.4,0.3411,78.2,0.00111,0.2809,0.1987,0.5204
1527492300,0.4697,58.3,0.336,77.6,0.00112,0.2758,0.1973,0.5268
1527492600,0.4756,57.9,0.3393,69.1,0.00221,0.2769,0.1976,0.5255
1527492900,0.4671,57.4,0.3346,73.7,0.00138,0.2775,0.1988,0.5238
1527493200,0.472,57.2,0.3342,86.1,0.00141,0.2806,0.1987,0.5207
1527493500,0.4688,57.4,0.3386,70.5,0.00122,0.2756,0.199,0.5254
1527493800,0.4603,57.0,0.3389,74.8,0.00115,0.2719,0.2002,0.5279
1527494100,0.4654,57.2,0.3387,77.2,0.00112,0.2761,0.2009,0.523
1527494400,0.4695,57.4,0.339,78.5,0.00125,0.2805,0.2025,0.5169
1527494700,0.4687,57.8,0.3396,76.2,0.00134,0.281,0.2036,0.5155
1527495000,0.4533,56.4,0.3313,79.3,0.00176,0.2793,0.2041,0.5166
1527495300,0.4568,57.2,0.329,81.7,0.00108,0.2764,0.1991,0.5245
1527495600,0.4729,57.3,0.3354,83.1,0.00104,0.2845,0.2018,0.5138
1527495900,0.4743,56.6,0.3337,80.8,0.00104,0.2883,0.2029,0.5088
1527496200,0.4746,56.2,0.3279,82.6,0.00104,0.2945,0.2035,0.5021
1527496500,0.4464,54.3,0.3222,81.1,0.00136,0.2852,0.2059,0.5089
1527496800,0.4699,54.4,0.3309,70.4,0.00134,0.2904,0.2045,0.5051
1527497100,0.4884,54.0,0.3433,75.0,0.00232,0.2888,0.203,0.5081
1527497400,0.4786,54.3,0.344,79.4,0.00141,0.2819,0.2026,0.5154
1527497700,0.4821,54.8,0.347,81.5,0.00122,0.2797,0.2014,0.5189
1527498000,0.4847,55.0,0.3491,79.6,0.00181,0.2788,0.2008,0.5204
1527498300,0.4745,55.7,0.3476,68.0,0.0014,0.2724,0.1995,0.5281
1527498600,0.494,56.1,0.3505,64.8,0.00112,0.2789,0.1979,0.5231
1527498900,0.4911,56.0,0.3483,80.6,0.00101,0.2801,0.1986,0.5213
1527499200,0.4817,55.4,0.3453,87.1,0.00142,0.2776,0.199,0.5233
1527499500,0.4775,54.1,0.3474,78.1,0.00148,0.2806,0.2042,0.5152
1527499800,0.4935,53.7,0.3505,86.9,0.00125,0.286,0.2031,0.5109
1527500100,0.4988,52.7,0.3543,79.8,0.0013,0.285,0.2024,0.5125
1527500400,0.4764,51.2,0.3484,73.1,0.00139,0.2825,0.2066,0.511
1527500700,0.4766,51.5,0.3426,75.5,0.00237,0.2814,0.2023,0.5163
1527501000,0.4947,52.0,0.3536,80.9,0.00154,0.2845,0.2034,0.5121
1527501300,0.4895,52.6,0.3599,79.0,0.00103,0.2802,0.206,0.5137
1527501600,0.4781,52.2,0.3595,83.7,0.00106,0.278,0.209,0.513
1527501900,0.4888,51.9,0.3608,85.1,0.0013,0.2842,0.2098,0.506
1527502200,0.5034,52.7,0.3601,73.5,0.00168,0.2898,0.2073,0.5029
1527502500,0.5115,52.5,0.364,78.0,0.00219,0.2921,0.2078,0.5001
1527502800,0.5084,53.0,0.3617,80.3,0.00162,0.2935,0.2088,0.4977
1527503100,0.5072,52.2,0.363,87.9,0.00202,0.2943,0.2107,0.495
1527503400,0.4964,51.1,0.358,80.8,0.00132,0.2931,0.2114,0.4955
1527503700,0.5017,50.9,0.3586,75.1,0.00155,0.2951,0.2109,0.494
1527504000,0.4982,51.2,0.3587,72.8,0.00149,0.2933,0.2112,0.4956
1527504300,0.4871,51.0,0.3589,70.6,0.0015,0.2879,0.2121,0.4999
1527504600,0.5185,50.4,0.3615,79.3,0.00242,0.3007,0.2096,0.4897
1527504900,0.5192,51.5,0.3659,73.4,0.00189,0.2998,0.2113,0.4889
1527505200,0.5204,51.5,0.3643,81.9,0.00189,0.3008,0.2106,0.4887
1527505500,0.5091,51.2,0.3557,85.5,0.00166,0.2963,0.207,0.4967
1527505800,0.4733,50.9,0.3546,80.4,0.00106,0.2826,0.2118,0.5056
1527506100,0.4608,51.1,0.3414,67.8,0.00147,0.277,0.2052,0.5178
1527506400,0.4745,51.5,0.3362,84.7,0.001,0.2784,0.1972,0.5244
1527506700,0.507,50.8,0.3651,81.8,0.00153,0.2914,0.2099,0.4987
1527507000,0.5053,50.8,0.3614,80.1,0.00182,0.2898,0.2073,0.5029
1527507300,0.4967,50.9,0.3599,84.6,0.00232,0.2867,0.2077,0.5055
1527507600,0.5086,51.2,0.3614,85.7,0.00133,0.2894,0.2056,0.505
1527507900,0.5038,51.5,0.3626,84.4,0.00117,0.286,0.2059,0.5081
1527508200,0.4982,51.4,0.3611,79.3,0.00164,0.2844,0.2061,0.5095
1527508500,0.5021,50.9,0.3654,89.5,0.00122,0.2857,0.2079,0.5064
1527508800,0.5099,39.5,0.3616,73.0,0.00144,0.3786,0.2685,0.3528
1527509100,0.5273,38.3,0.3783,83.2,0.00195,0.383,0.2747,0.3423
1527509400,0.5285,38.7,0.3689,84.0,0.00214,0.3835,0.2677,0.3489
1527509700,0.519,40.8,0.3615,81.8,0.00183,0.3788,0.2638,0.3574
1527510000,0.5299,43.2,0.3651,73.2,0.00205,0.3777,0.2602,0.3621
1527510300,0.5476,45.2,0.3705,67.0,0.00246,0.3764,0.2547,0.369
1527510600,0.5514,45.8,0.3718,87.0,0.00325,0.3752,0.253,0.3718
1527510900,0.5441,46.0,0.3669,86.1,0.00243,0.373,0.2515,0.3754
1527511200,0.5336,45.9,0.3677,81.4,0.00231,0.3657,0.252,0.3823
1527511500,0.5201,45.8,0.3499,79.7,0.0021,0.3622,0.2437,0.3941
1527511800,0.5506,45.2,0.3667,90.4,0.0028,0.3713,0.2473,0.3815
1527512100,0.5469,45.2,0.3729,89.7,0.0028,0.3667,0.25,0.3832
1527512400,0.5311,45.5,0.3701,88.6,0.00237,0.3607,0.2513,0.388
1527512700,0.5317,45.3,0.3725,85.6,0.00253,0.3574,0.2504,0.3921
1527513000,0.536,45.6,0.3755,86.9,0.00241,0.3592,0.2517,0.3891
1527513300,0.5518,46.3,0.3775,80.0,0.0032,0.3657,0.2502,0.3842
1527513600,0.5415,46.6,0.3748,84.1,0.00226,0.3613,0.2501,0.3886
1527513900,0.5446,46.6,0.3791,77.7,0.00297,0.3601,0.2507,0.3892
1527514200,0.5296,47.2,0.3749,82.6,0.00193,0.3572,0.2528,0.39
1527514500,0.5344,47.3,0.3757,87.9,0.00255,0.3568,0.2509,0.3923
1527514800,0.5362,47.4,0.3769,87.1,0.00249,0.3559,0.2502,0.3939
1527515100,0.5415,47.2,0.3738,84.9,0.00247,0.358,0.2471,0.3948
1527515400,0.5458,47.3,0.3775,78.1,0.0028,0.3605,0.2493,0.3902
1527515700,0.5404,46.2,0.3715,82.1,0.00256,0.3587,0.2466,0.3947
1527516000,0.538,45.0,0.3732,91.2,0.00228,0.359,0.249,0.392
1527516300,0.5454,44.7,0.3784,90.7,0.00258,0.3581,0.2485,0.3934
1527516600,0.5415,44.7,0.3737,80.7,0.00229,0.3601,0.2485,0.3914
1527516900,0.5206,44.2,0.3689,82.1,0.0026,0.3548,0.2514,0.3938
1527517200,0.5245,44.3,0.3703,82.7,0.00187,0.357,0.2521,0.3909
1527517500,0.5388,44.1,0.3809,81.1,0.00256,0.3608,0.2551,0.3841
1527517800,0.5312,43.8,0.3777,85.0,0.00233,0.3604,0.2563,0.3833
1527518100,0.528,43.7,0.3744,80.2,0.00227,0.3597,0.2551,0.3852
1527518400,0.5178,44.0,0.3716,77.0,0.00192,0.3584,0.2572,0.3843
1527518700,0.5238,43.7,0.3713,92.5,0.00207,0.3637,0.2578,0.3785
1527519000,0.5259,44.9,0.3744,77.2,0.00189,0.3624,0.258,0.3795
1527519300,0.5257,45.8,0.3742,84.2,0.00263,0.3606,0.2567,0.3828
1527519600,0.5443,45.8,0.3815,86.4,0.00242,0.3653,0.256,0.3787
1527519900,0.545,45.1,0.3816,77.8,0.00247,0.3673,0.2572,0.3755
1527520200,0.5088,44.6,0.3674,82.6,0.00127,0.3557,0.2569,0.3874
1527520500,0.5016,43.6,0.3517,75.3,0.00106,0.3463,0.2428,0.4109
1527520800,0.5198,43.8,0.3584,81.7,0.00173,0.3531,0.2434,0.4035
1527521100,0.5404,44.8,0.3784,73.7,0.00239,0.3605,0.2524,0.3871
1527521400,0.5405,45.1,0.3771,81.4,0.00289,0.3595,0.2508,0.3897
1527521700,0.5269,44.6,0.3766,86.8,0.00196,0.3547,0.2535,0.3917
1527522000,0.5284,44.6,0.3818,76.4,0.00213,0.3535,0.2554,0.391
1527522300,0.5074,44.6,0.3783,80.6,0.00137,0.3431,0.2558,0.4011
1527522600,0.5739,43.7,0.3829,90.1,0.00384,0.3651,0.2436,0.3913
1527522900,0.5531,42.8,0.3687,86.2,0.00267,0.3817,0.2544,0.3639
1527523200,0.5028,40.7,0.3249,71.0,0.00159,0.4254,0.2749,0.2997
1527523500,0.4984,39.3,0.3097,80.7,0.00117,0.4708,0.2926,0.2366
1527523800,0.4729,38.9,0.2883,77.0,0.00164,0.5041,0.3073,0.1886
1527524100,0.4787,39.1,0.29,76.8,0.00121,0.5249,0.318,0.1571
1527524400,0.4907,39.8,0.2924,78.8,0.00169,0.5267,0.3139,0.1594
1527524700,0.494,40.3,0.2913,82.8,0.00143,0.5374,0.3169,0.1457
1527525000,0.486,39.5,0.2862,77.9,0.00107,0.5426,0.3195,0.1379
1527525300,0.4534,38.5,0.2698,78.6,0.00121,0.5571,0.3315,0.1114
1527525600,0.4356,38.4,0.2765,71.1,0.00122,0.5321,0.3377,0.1302
1527525900,0.4095,37.4,0.2759,74.6,0.00136,0.5117,0.3447,0.1436
1527526200,0.3909,37.3,0.2764,61.8,0.00108,0.4611,0.326,0.2129
1527526500,0.4052,37.7,0.2917,75.5,0.00138,0.4528,0.326,0.2212
1527526800,0.4228,38.1,0.3102,71.2,0.00135,0.4214,0.3092,0.2694
1527527100,0.4401,38.6,0.3183,73.2,0.00199,0.4064,0.2939,0.2996
1527527400,0.4837,39.6,0.3351,76.4,0.00135,0.4042,0.28,0.3158
1527527700,0.4989,40.0,0.3465,83.8,0.00151,0.3976,0.2761,0.3263
1527528000,0.5317,39.7,0.3727,87.5,0.00284,0.3797,0.2662,0.3541
1527528300,0.5203,40.5,0.3727,79.8,0.00174,0.3742,0.268,0.3578
1527528600,0.5079,40.7,0.3628,85.5,0.0018,0.3701,0.2644,0.3655
1527528900,0.4282,39.7,0.3173,74.5,0.001,0.3753,0.2781,0.3466
1527529200,0.4881,39.3,0.3357,84.6,0.00116,0.3863,0.2657,0.3479
1527529500,0.4757,39.2,0.3288,84.2,0.00112,0.3927,0.2714,0.3359
1527529800,0.4759,38.5,0.3098,80.7,0.00175,0.4147,0.27,0.3153
1527530100,0.4718,38.6,0.3144,77.1,0.00139,0.4136,0.2756,0.3108
1527530400,0.4721,37.9,0.3134,79.1,0.00179,0.4195,0.2785,0.3021
1527530700,0.4716,36.1,0.3127,80.8,0.00134,0.422,0.2798,0.2982
1527531000,0.4722,37.0,0.3139,69.4,0.00252,0.4242,0.282,0.2939
1527531300,0.4764,37.1,0.3132,85.6,0.00112,0.4267,0.2805,0.2927
1527531600,0.473,37.7,0.316,73.2,0.00103,0.4238,0.2831,0.2931
1527531900,0.4675,36.4,0.3094,85.2,0.00162,0.4302,0.2847,0.285
1527532200,0.466,36.4,0.3143,65.6,0.00122,0.4244,0.2862,0.2894
1527532500,0.4599,36.4,0.3097,78.5,0.00132,0.4236,0.2853,0.2911
1527532800,0.4432,36.4,0.3062,76.1,0.00156,0.4158,0.2872,0.297
1527533100,0.4245,35.7,0.3039,82.4,0.00111,0.4089,0.2927,0.2984
1527533400,0.3967,35.7,0.3046,66.8,0.00255,0.3874,0.2975,0.3151
1527533700,0.3982,36.0,0.3109,72.4,0.00121,0.3722,0.2906,0.3371
1527534000,0.4047,36.1,0.322,69.9,0.00146,0.3474,0.2764,0.3761
1527534300,0.4425,36.0,0.3463,79.5,0.00101,0.3376,0.2642,0.3981
1527534600,0.4788,37.8,0.3649,74.5,0.00105,0.3395,0.2587,0.4018
1527534900,0.4805,39.4,0.3751,86.4,0.00114,0.3304,0.2579,0.4117
1527535200,0.489,40.2,0.3769,86.7,0.00129,0.3334,0.257,0.4096
1527535500,0.4523,39.7,0.3612,78.4,0.0014,0.3253,0.2598,0.4149
1527535800,0.4677,36.8,0.3578,77.7,0.00108,0.3698,0.2829,0.3472
1527536100,0.5011,38.4,0.3823,77.6,0.00127,0.355,0.2709,0.3741
1527536400,0.5132,39.5,0.387,79.6,0.00151,0.3582,0.2701,0.3717
1527536700,0.5272,39.3,0.3915,78.8,0.00227,0.361,0.2681,0.3709
1527537000,0.5382,39.0,0.392,92.8,0.00332,0.3641,0.2652,0.3707
1527537300,0.5334,39.4,0.3875,81.3,0.00285,0.3634,0.264,0.3725
1527537600,0.5291,38.8,0.3869,89.1,0.00241,0.3622,0.2649,0.3729
1527537900,0.5149,38.5,0.3808,81.5,0.00177,0.3676,0.2719,0.3605
1527538200,0.5172,40.2,0.3758,77.7,0.00165,0.3656,0.2656,0.3688
1527538500,0.5103,41.4,0.3775,82.9,0.00222,0.3618,0.2677,0.3705
1527538800,0.5148,43.3,0.3865,86.9,0.00159,0.3598,0.2702,0.37
1527539100,0.5235,44.3,0.3901,80.5,0.00253,0.3614,0.2693,0.3693
1527539400,0.531,44.5,0.3917,75.3,0.00238,0.3614,0.2666,0.372
1527539700,0.5243,44.1,0.3898,78.8,0.00203,0.3557,0.2645,0.3798
1527540000,0.5274,43.2,0.3898,84.5,0.00192,0.3565,0.2635,0.3801
1527540300,0.5155,42.6,0.3783,79.2,0.00164,0.3584,0.263,0.3785
1527540600,0.5154,42.2,0.3799,76.2,0.00151,0.3569,0.2631,0.3801
1527540900,0.5103,42.1,0.38,75.7,0.00132,0.3547,0.2642,0.3811
1527541200,0.5149,41.8,0.3875,79.6,0.00153,0.3522,0.265,0.3828
1527541500,0.535,41.7,0.3907,86.0,0.00215,0.3658,0.2671,0.367
1527541800,0.5234,41.0,0.3925,78.2,0.00241,0.3633,0.2725,0.3642
1527542100,0.4992,40.8,0.3899,77.9,0.00128,0.3532,0.2759,0.3709
1527542400,0.5079,40.5,0.3892,87.2,0.00148,0.3533,0.2708,0.3759
1527542700,0.5018,41.8,0.3874,94.4,0.00141,0.3516,0.2714,0.377
1527543000,0.5062,43.3,0.3768,77.7,0.00183,0.3504,0.2609,0.3887
1527543300,0.5079,43.1,0.3809,79.5,0.00128,0.3545,0.2659,0.3796
1527543600,0.5196,42.9,0.3801,80.7,0.00173,0.3587,0.2624,0.3789
1527543900,0.5224,42.7,0.3785,74.3,0.00187,0.3572,0.2588,0.384
1527544200,0.5217,42.6,0.3833,85.4,0.00175,0.3589,0.2637,0.3774
1527544500,0.5376,43.6,0.3915,90.6,0.00241,0.362,0.2636,0.3743
1527544800,0.5005,45.0,0.3873,82.1,0.00166,0.3454,0.2673,0.3873
1527545100,0.4944,45.6,0.382,85.1,0.00145,0.3451,0.2666,0.3883
1527545400,0.5152,45.5,0.391,82.1,0.00146,0.3519,0.2671,0.381
1527545700,0.501,45.1,0.3867,82.0,0.00136,0.3487,0.2691,0.3822
1527546000,0.4996,44.7,0.3711,78.7,0.00104,0.3561,0.2645,0.3795
1527546300,0.5137,44.7,0.3849,83.6,0.00177,0.3569,0.2674,0.3756
1527546600,0.5052,45.5,0.3765,85.7,0.00164,0.3533,0.2633,0.3834
1527546900,0.5025,45.2,0.3777,77.0,0.0014,0.3508,0.2637,0.3855
1527547200,0.5123,45.7,0.373,85.6,0.0017,0.3555,0.2588,0.3857
1527547500,0.5233,45.6,0.3806,74.3,0.00231,0.3553,0.2584,0.3864
1527547800,0.5222,45.3,0.3767,86.6,0.00168,0.3545,0.2557,0.3898
1527548100,0.5215,45.5,0.3734,80.9,0.00219,0.3555,0.2545,0.39
1527548400,0.5198,45.6,0.3687,81.5,0.0018,0.3567,0.253,0.3904
1527548700,0.5043,44.3,0.3669,80.9,0.00175,0.3502,0.2548,0.395
1527549000,0.5088,43.2,0.3653,86.4,0.00153,0.3543,0.2544,0.3913
1527549300,0.5023,43.0,0.3684,78.2,0.00149,0.3505,0.2571,0.3924
1527549600,0.508,43.3,0.368,80.3,0.00134,0.3476,0.2518,0.4006
1527549900,0.4968,42.7,0.3683,78.1,0.00105,0.3428,0.2541,0.4031
1527550200,0.5171,43.2,0.3769,79.4,0.00207,0.3497,0.2549,0.3954
1527550500,0.5026,44.3,0.3715,68.1,0.00122,0.3441,0.2543,0.4016
1527550800,0.493,44.9,0.3694,86.8,0.00108,0.3386,0.2537,0.4078
1527551100,0.4991,44.8,0.3759,82.0,0.0018,0.3398,0.2559,0.4042
1527551400,0.4887,45.1,0.3688,76.8,0.00103,0.3316,0.2502,0.4182
1527551700,0.5063,45.2,0.3752,73.5,0.00185,0.3316,0.2457,0.4227
1527552000,0.5066,45.6,0.3732,77.6,0.00198,0.3343,0.2462,0.4195
1527552300,0.4879,45.1,0.3731,77.4,0.0014,0.3311,0.2532,0.4157
1527552600,0.5035,43.6,0.3797,81.2,0.00146,0.3415,0.2575,0.401
1527552900,0.5079,43.6,0.3841,88.2,0.00159,0.3457,0.2614,0.3929
1527553200,0.4962,43.9,0.379,77.5,0.00141,0.3457,0.2641,0.3902
1527553500,0.4901,44.4,0.3817,73.3,0.00111,0.3395,0.2644,0.3961
1527553800,0.4945,45.0,0.3829,76.3,0.00117,0.3416,0.2645,0.3938
1527554100,0.4933,44.9,0.3841,84.4,0.00118,0.3449,0.2686,0.3865
1527554400,0.4973,45.2,0.3822,80.0,0.00138,0.348,0.2675,0.3845
1527554700,0.5064,44.9,0.3771,68.5,0.00123,0.3584,0.2669,0.3748
1527555000,0.5105,44.4,0.3778,74.4,0.00142,0.3622,0.2681,0.3697
1527555300,0.5001,44.0,0.3626,76.6,0.00114,0.3612,0.2619,0.3768
1527555600,0.5271,43.5,0.38,77.2,0.00191,0.3641,0.2625,0.3735
1527555900,0.5135,43.4,0.3851,79.3,0.00141,0.3606,0.2704,0.369
1527556200,0.5064,43.5,0.3704,83.5,0.00196,0.3619,0.2647,0.3734
1527556500,0.5071,43.9,0.3748,84.2,0.00139,0.36,0.2661,0.3739
1527556800,0.5119,44.8,0.3796,78.0,0.00198,0.3597,0.2668,0.3735
1527557100,0.5171,43.6,0.3802,86.9,0.00211,0.3668,0.2697,0.3635
1527557400,0.5178,43.3,0.3752,80.2,0.00154,0.3756,0.2722,0.3523
1527557700,0.5091,43.6,0.3752,76.1,0.00207,0.3713,0.2736,0.3551
1527558000,0.4968,42.5,0.3621,80.1,0.00148,0.3772,0.275,0.3478
1527558300,0.5158,42.6,0.3711,87.2,0.00154,0.3836,0.276,0.3404
1527558600,0.5221,43.5,0.3652,71.0,0.00193,0.3878,0.2713,0.3409
1527558900,0.5167,44.6,0.353,86.0,0.00196,0.3913,0.2673,0.3414
1527559200,0.5043,44.9,0.3422,87.1,0.00123,0.3964,0.269,0.3346
1527559500,0.4861,45.1,0.3392,79.6,0.00102,0.3896,0.2719,0.3385
1527559800,0.4827,44.3,0.3402,76.6,0.00182,0.3817,0.269,0.3492
1527560100,0.4855,45.1,0.3464,72.0,0.00168,0.3722,0.2656,0.3623
1527560400,0.4881,45.3,0.3425,82.0,0.00132,0.3775,0.2649,0.3577
1527560700,0.4596,44.6,0.3391,76.7,0.00126,0.3646,0.269,0.3665
1527561000,0.4356,42.7,0.3274,85.4,0.00147,0.3926,0.2951,0.3124
1527561300,0.4493,38.5,0.309,73.5,0.00128,0.4415,0.3037,0.2548
1527561600,0.4601,43.4,0.3208,74.4,0.00132,0.425,0.2964,0.2786
1527561900,0.4673,44.5,0.329,66.7,0.00137,0.4098,0.2885,0.3016
1527562200,0.4689,44.0,0.332,82.4,0.00138,0.4096,0.29,0.3004
1527562500,0.457,44.7,0.3333,73.3,0.00121,0.4013,0.2927,0.306
1527562800,0.4531,45.8,0.333,75.3,0.00101,0.3971,0.2918,0.3111
1527563100,0.448,41.6,0.3298,88.7,0.00109,0.4099,0.3018,0.2883
1527563400,0.4448,43.2,0.329,87.8,0.00121,0.4035,0.2984,0.2981
1527563700,0.4472,44.3,0.3288,81.7,0.00137,0.4021,0.2957,0.3022
1527564000,0.4349,45.1,0.3298,71.8,0.00153,0.3908,0.2964,0.3128
1527564300,0.4424,45.0,0.3298,76.3,0.00183,0.3916,0.2919,0.3165
1527564600,0.4479,45.4,0.3329,67.5,0.00106,0.3891,0.2892,0.3217
1527564900,0.4523,44.3,0.3336,75.3,0.00146,0.3909,0.2883,0.3208
1527565200,0.4503,42.9,0.3331,77.9,0.00132,0.3924,0.2903,0.3173
1527565500,0.4391,42.2,0.3331,70.1,0.00131,0.3882,0.2945,0.3174
1527565800,0.438,42.5,0.3316,63.7,0.00166,0.3875,0.2934,0.3191
1527566100,0.438,42.6,0.3305,71.5,0.00119,0.3871,0.2921,0.3208
1527566400,0.4461,43.2,0.3309,69.4,0.00125,0.3886,0.2883,0.3231
1527566700,0.4269,43.6,0.3308,85.3,0.00166,0.3761,0.2914,0.3325
1527567000,0.415,44.0,0.3298,78.0,0.0016,0.3699,0.294,0.3361
1527567300,0.4256,44.8,0.3315,67.4,0.00133,0.3735,0.291,0.3355
1527567600,0.4216,46.9,0.3305,86.6,0.00126,0.3704,0.2903,0.3393
1527567900,0.3833,47.0,0.324,76.3,0.00142,0.359,0.3034,0.3376
1527568200,0.3853,47.2,0.3218,73.8,0.00141,0.3544,0.296,0.3495
1527568500,0.3865,47.2,0.3206,72.4,0.00177,0.3517,0.2917,0.3566
1527568800,0.394,47.0,0.3236,79.6,0.00161,0.3433,0.282,0.3747
1527569100,0.4136,47.6,0.3317,76.5,0.00127,0.3447,0.2764,0.3789
1527569400,0.4187,47.4,0.3322,74.3,0.00102,0.3401,0.2699,0.39
1527569700,0.4,47.5,0.3238,76.7,0.00119,0.3371,0.2729,0.39
1527570000,0.3877,48.3,0.3222,79.0,0.00142,0.3296,0.2739,0.3965
1527570300,0.3935,47.2,0.3213,78.6,0.00108,0.3277,0.2676,0.4048
1527570600,0.4304,46.0,0.333,73.9,0.00118,0.3402,0.2632,0.3967
1527570900,0.4286,45.9,0.3286,78.2,0.00229,0.344,0.2637,0.3923
1527571200,0.4401,44.6,0.3423,68.6,0.00123,0.335,0.2605,0.4045
1527571500,0.4509,45.8,0.3419,73.5,0.0012,0.3354,0.2543,0.4102
1527571800,0.4196,46.4,0.3355,65.4,0.00119,0.3161,0.2527,0.4311
1527572100,0.457,45.9,0.3373,75.4,0.00116,0.3274,0.2417,0.4309
1527572400,0.4479,45.1,0.3356,90.4,0.00117,0.3198,0.2396,0.4406
1527572700,0.4559,45.6,0.3372,79.3,0.00123,0.3231,0.239,0.4379
1527573000,0.4474,46.1,0.3376,76.8,0.00163,0.323,0.2437,0.4334
1527573300,0.4392,45.9,0.3317,78.0,0.00155,0.3218,0.2431,0.4351
1527573600,0.4501,46.5,0.3358,83.0,0.00126,0.32,0.2388,0.4412
1527573900,0.4403,47.0,0.3334,81.4,0.00111,0.3108,0.2354,0.4538
1527574200,0.4592,47.2,0.3453,83.6,0.00135,0.3177,0.2389,0.4434
1527574500,0.4912,47.8,0.3544,76.9,0.00149,0.3319,0.2395,0.4286
1527574800,0.4624,47.5,0.342,83.2,0.00169,0.3225,0.2385,0.439
1527575100,0.4504,45.7,0.3322,75.3,0.00161,0.3222,0.2377,0.4401
1527575400,0.4651,45.4,0.3442,84.6,0.00151,0.3224,0.2386,0.4389
1527575700,0.4851,44.7,0.347,80.0,0.00135,0.3408,0.2438,0.4154
1527576000,0.4978,44.6,0.3481,82.1,0.00107,0.3511,0.2455,0.4034
1527576300,0.4766,44.1,0.349,78.0,0.00141,0.3308,0.2423,0.4269
1527576600,0.4765,43.9,0.3484,79.8,0.00134,0.3297,0.241,0.4293
1527576900,0.4815,44.4,0.3512,80.9,0.00128,0.3259,0.2377,0.4363
1527577200,0.4851,45.4,0.3498,79.2,0.00146,0.3268,0.2357,0.4375
1527577500,0.4518,44.0,0.3409,73.5,0.00209,0.3311,0.2498,0.419
1527577800,0.4691,40.8,0.3386,85.3,0.00138,0.3427,0.2474,0.4099
1527578100,0.4814,40.0,0.3434,76.3,0.00113,0.3372,0.2405,0.4223
1527578400,0.4829,40.8,0.3487,82.2,0.0014,0.3334,0.2408,0.4258
1527578700,0.4615,41.2,0.3393,70.4,0.00131,0.331,0.2434,0.4256
1527579000,0.4767,42.0,0.3441,71.3,0.0015,0.3338,0.2409,0.4253
1527579300,0.5204,44.3,0.3591,85.9,0.0019,0.3491,0.2409,0.41
1527579600,0.5246,47.6,0.361,83.7,0.00193,0.3588,0.2469,0.3943
1527579900,0.4982,49.5,0.3432,84.3,0.00124,0.393,0.2707,0.3363
1527580200,0.4882,50.2,0.3379,87.3,0.00107,0.4073,0.2819,0.3108
1527580500,0.468,47.6,0.3252,77.9,0.00141,0.4341,0.3017,0.2642
1527580800,0.4781,46.0,0.3256,75.1,0.00125,0.4359,0.2969,0.2673
1527581100,0.4785,45.6,0.3261,84.5,0.00108,0.4369,0.2978,0.2653
1527581400,0.4745,44.7,0.327,81.6,0.0015,0.4371,0.3013,0.2616
1527581700,0.4565,44.7,0.3267,71.7,0.00132,0.4339,0.3105,0.2556
1527582000,0.4609,46.2,0.3308,85.9,0.00138,0.4281,0.3073,0.2646
1527582300,0.4609,46.9,0.3322,76.1,0.00132,0.4306,0.3103,0.2591
1527582600,0.4669,47.7,0.3313,79.4,0.00134,0.4392,0.3116,0.2492
1527582900,0.4726,48.3,0.3332,68.8,0.00116,0.4422,0.3117,0.2461
1527583200,0.4744,48.2,0.3326,82.0,0.00127,0.4493,0.315,0.2357
1527583500,0.4745,46.9,0.3342,66.1,0.00109,0.4507,0.3174,0.2319
1527583800,0.4734,45.9,0.3348,75.0,0.00151,0.4508,0.3188,0.2304
1527584100,0.4725,46.4,0.3346,87.1,0.00125,0.4517,0.3199,0.2284
1527584400,0.4725,46.3,0.3345,84.1,0.00197,0.447,0.3165,0.2365
1527584700,0.4631,46.1,0.3299,77.3,0.00144,0.4574,0.3259,0.2167
1527585000,0.4587,47.6,0.33,79.1,0.00198,0.4438,0.3193,0.237
1527585300,0.4613,47.1,0.3289,75.3,0.00154,0.4552,0.3245,0.2203
1527585600,0.4645,47.6,0.33,77.6,0.00151,0.4559,0.3239,0.2203
1527585900,0.4519,47.6,0.3243,81.1,0.00132,0.4622,0.3317,0.2061
1527586200,0.4532,47.3,0.3256,87.8,0.00163,0.4571,0.3284,0.2145
1527586500,0.4606,48.9,0.3289,84.0,0.0013,0.4484,0.3202,0.2315
1527586800,0.4656,51.0,0.3284,86.8,0.00149,0.4472,0.3154,0.2374
1527587100,0.4606,51.1,0.3259,73.3,0.00114,0.4522,0.32,0.2278
1527587400,0.4623,53.4,0.3285,65.6,0.00129,0.4416,0.3138,0.2446
1527587700,0.4579,55.4,0.3286,87.3,0.00139,0.4425,0.3175,0.24
1527588000,0.4611,54.2,0.3251,79.1,0.00135,0.4583,0.3231,0.2185
1527588300,0.4709,52.4,0.327,76.2,0.00131,0.4572,0.3175,0.2253
1527588600,0.4642,50.7,0.326,69.0,0.00122,0.4565,0.3206,0.2229
1527588900,0.4591,50.2,0.3215,81.8,0.00138,0.4632,0.3244,0.2124
1527589200,0.4594,51.8,0.3224,77.8,0.00115,0.454,0.3186,0.2274
1527589500,0.4664,52.3,0.3239,75.5,0.00128,0.4565,0.317,0.2264
1527589800,0.4596,53.3,0.3259,74.3,0.00155,0.4484,0.318,0.2336
1527590100,0.4689,54.1,0.3277,71.5,0.00194,0.4478,0.3129,0.2393
1527590400,0.4755,55.0,0.3286,82.5,0.001,0.452,0.3123,0.2357
1527590700,0.4642,53.1,0.3254,75.5,0.00103,0.4523,0.3171,0.2306
1527591000,0.4648,55.6,0.3259,78.8,0.00111,0.449,0.3148,0.2361
1527591300,0.4568,55.8,0.3253,76.5,0.00156,0.4395,0.313,0.2476
1527591600,0.4582,56.1,0.3253,84.7,0.00144,0.4366,0.31,0.2534
1527591900,0.4685,56.1,0.3265,89.2,0.00131,0.44,0.3066,0.2534
1527592200,0.4841,55.6,0.3292,70.5,0.00144,0.4483,0.3049,0.2468
1527592500,0.4818,54.9,0.3291,75.8,0.00136,0.4493,0.3069,0.2438
1527592800,0.4834,53.9,0.3284,77.6,0.00127,0.4541,0.3085,0.2375
1527593100,0.4806,54.1,0.328,70.9,0.00111,0.4541,0.3099,0.2359
1527593400,0.4754,54.6,0.3291,78.0,0.00101,0.4482,0.3103,0.2416
1527593700,0.4634,55.5,0.3287,74.4,0.00141,0.4423,0.3137,0.244
1527594000,0.4602,56.5,0.3261,83.8,0.00143,0.441,0.3125,0.2465
1527594300,0.4599,57.3,0.3259,72.5,0.00169,0.4363,0.3092,0.2545
1527594600,0.4809,58.9,0.3284,73.3,0.00114,0.4413,0.3014,0.2573
1527594900,0.479,59.8,0.3284,69.7,0.00123,0.4392,0.3011,0.2596
1527595200,0.4664,60.4,0.3267,75.2,0.00101,0.4336,0.3037,0.2627
1527595500,0.4622,59.6,0.3234,78.6,0.00129,0.4321,0.3024,0.2655
1527595800,0.4742,59.3,0.3244,68.0,0.00115,0.4374,0.2992,0.2634
1527596100,0.475,59.6,0.3266,84.8,0.00103,0.4363,0.3,0.2637
1527596400,0.4777,59.0,0.327,77.5,0.0014,0.441,0.3018,0.2572
1527596700,0.4778,58.9,0.3279,75.0,0.00123,0.4384,0.3008,0.2608
1527597000,0.4789,59.5,0.3278,76.6,0.00183,0.4384,0.3001,0.2616
1527597300,0.4755,59.8,0.3287,77.8,0.00124,0.4388,0.3034,0.2578
1527597600,0.4728,59.8,0.3259,77.7,0.0016,0.4374,0.3015,0.2611
1527597900,0.4801,60.4,0.3278,76.3,0.00175,0.4393,0.3,0.2607
1527598200,0.4822,61.2,0.3294,73.3,0.00102,0.4321,0.2951,0.2728
1527598500,0.4725,61.0,0.3302,75.2,0.001,0.4262,0.2978,0.276
1527598800,0.4843,60.2,0.3325,83.2,0.0014,0.4264,0.2927,0.2809
1527599100,0.487,59.0,0.3308,73.5,0.0015,0.4303,0.2923,0.2775
1527599400,0.4762,58.9,0.3293,75.3,0.00101,0.4254,0.2941,0.2805
1527599700,0.4818,58.4,0.33,74.2,0.00157,0.4275,0.2928,0.2796
1527600000,0.4832,58.5,0.3295,80.5,0.0015,0.4258,0.2903,0.2839
1527600300,0.4868,58.4,0.3286,79.7,0.00157,0.4315,0.2913,0.2773
1527600600,0.4843,57.9,0.3282,91.0,0.00124,0.4328,0.2933,0.274
1527600900,0.477,58.0,0.3272,76.0,0.00271,0.4302,0.2951,0.2747
1527601200,0.4733,58.8,0.3266,80.7,0.00111,0.4295,0.2964,0.2741
1527601500,0.46,59.3,0.3271,86.5,0.00106,0.4216,0.2998,0.2786
1527601800,0.4546,59.3,0.3276,75.7,0.00108,0.4167,0.3003,0.283
1527602100,0.4481,60.2,0.3281,85.4,0.00188,0.4119,0.3016,0.2865
1527602400,0.4519,60.8,0.3296,72.2,0.00111,0.4104,0.2993,0.2902
1527602700,0.4528,59.9,0.3298,83.7,0.00153,0.4098,0.2985,0.2916
1527603000,0.4495,59.7,0.3296,78.0,0.00126,0.4074,0.2987,0.2938
1527603300,0.4449,59.3,0.3281,65.8,0.00177,0.4058,0.2993,0.295
1527603600,0.4497,60.3,0.3282,77.5,0.00121,0.4123,0.3009,0.2867
1527603900,0.4482,60.0,0.3296,75.1,0.00111,0.4099,0.3014,0.2887
1527604200,0.4485,61.2,0.3298,76.6,0.00115,0.4081,0.3001,0.2919
1527604500,0.4541,61.8,0.3308,78.8,0.00105,0.4052,0.2952,0.2995
1527604800,0.457,60.4,0.3339,71.3,0.00136,0.4049,0.2959,0.2992
1527605100,0.4562,58.5,0.3373,64.3,0.00116,0.4029,0.2979,0.2992
1527605400,0.461,59.2,0.3393,79.7,0.00144,0.4034,0.2969,0.2997
1527605700,0.4685,58.8,0.3383,71.4,0.00146,0.4065,0.2935,0.3
1527606000,0.4602,58.9,0.3374,84.8,0.00147,0.4033,0.2957,0.301
1527606300,0.4594,59.5,0.338,81.7,0.0011,0.4013,0.2953,0.3034
1527606600,0.4696,59.0,0.3377,81.5,0.00134,0.4109,0.2955,0.2936
1527606900,0.4628,59.1,0.3354,80.7,0.00164,0.4121,0.2987,0.2892
1527607200,0.457,57.6,0.3369,71.3,0.00135,0.408,0.3008,0.2912
1527607500,0.4577,58.6,0.3342,78.7,0.00187,0.4096,0.2991,0.2914
1527607800,0.4649,59.5,0.3387,82.0,0.00109,0.406,0.2958,0.2981
1527608100,0.4679,60.0,0.3426,71.2,0.00107,0.402,0.2944,0.3036
1527608400,0.4679,60.4,0.3406,74.3,0.0012,0.4026,0.2931,0.3043
1527608700,0.4718,60.8,0.3422,84.4,0.00127,0.4021,0.2917,0.3062
1527609000,0.4767,61.3,0.3412,80.4,0.00172,0.4032,0.2886,0.3082
1527609300,0.4788,61.2,0.3459,82.3,0.00236,0.4028,0.291,0.3062
1527609600,0.4703,60.6,0.3468,81.9,0.00125,0.3994,0.2945,0.3061
1527609900,0.4474,60.0,0.3434,70.2,0.00171,0.3911,0.3002,0.3087
1527610200,0.4169,57.8,0.3374,62.5,0.00123,0.377,0.3051,0.3179
1527610500,0.3902,55.0,0.3359,73.6,0.0011,0.3602,0.31,0.3298
1527610800,0.3758,52.0,0.3366,67.3,0.00109,0.3481,0.3118,0.3401
1527611100,0.3768,50.1,0.3377,67.1,0.00102,0.34,0.3047,0.3553
1527611400,0.3913,50.0,0.3431,70.8,0.00145,0.3379,0.2963,0.3658
1527611700,0.3694,49.2,0.3422,74.2,0.00105,0.3202,0.2967,0.3831
1527612000,0.3633,48.2,0.3316,71.5,0.00129,0.319,0.2911,0.3899
1527612300,0.3781,47.7,0.3364,65.1,0.00165,0.3166,0.2817,0.4017
1527612600,0.3987,47.9,0.3452,78.1,0.00118,0.3163,0.2738,0.4099
1527612900,0.3855,48.7,0.346,70.2,0.00121,0.3039,0.2728,0.4232
1527613200,0.3948,49.0,0.3472,76.2,0.00103,0.3056,0.2688,0.4256
1527613500,0.4143,49.4,0.3497,74.5,0.00183,0.3107,0.2622,0.4271
1527613800,0.41,48.9,0.349,76.0,0.00133,0.305,0.2596,0.4353
1527614100,0.4087,50.3,0.3492,71.7,0.00148,0.2965,0.2533,0.4501
1527614400,0.4424,50.1,0.3535,79.6,0.0015,0.3116,0.249,0.4394
1527614700,0.4333,49.7,0.351,83.7,0.00128,0.3111,0.252,0.4369
1527615000,0.4274,35.5,0.3141,74.9,0.00121,0.4547,0.3341,0.2112
1527615300,0.4711,37.6,0.3382,80.6,0.00109,0.3937,0.2826,0.3237
1527615600,0.4837,41.0,0.3535,82.9,0.00191,0.3722,0.272,0.3558
1527615900,0.4984,43.0,0.3613,85.8,0.00137,0.3632,0.2633,0.3735
1527616200,0.4951,44.8,0.3594,81.7,0.00205,0.357,0.2592,0.3838
1527616500,0.5132,44.6,0.3636,87.5,0.00185,0.3623,0.2567,0.3809
1527616800,0.4978,44.7,0.3534,87.5,0.00111,0.3579,0.254,0.3881
1527617100,0.5171,45.0,0.3592,85.1,0.00157,0.3677,0.2554,0.3769
1527617400,0.5158,46.0,0.3511,69.1,0.0016,0.3696,0.2516,0.3788
1527617700,0.5258,47.2,0.3615,87.3,0.00256,0.3637,0.2501,0.3862
1527618000,0.5154,47.3,0.3592,89.1,0.00174,0.356,0.2481,0.3959
1527618300,0.5172,46.9,0.3607,78.3,0.00162,0.3541,0.247,0.3989
1527618600,0.5195,46.9,0.3626,87.5,0.0016,0.3503,0.2445,0.4052
1527618900,0.4799,46.5,0.336,85.1,0.00198,0.3495,0.2447,0.4058
1527619200,0.4987,47.7,0.3382,80.7,0.00163,0.3527,0.2392,0.408
1527619500,0.4924,48.2,0.3323,78.8,0.00129,0.3442,0.2323,0.4235
1527619800,0.488,47.6,0.3397,77.4,0.00127,0.3414,0.2377,0.4209
1527620100,0.4929,48.6,0.3413,74.7,0.00166,0.3358,0.2325,0.4317
1527620400,0.496,48.2,0.3449,86.1,0.00123,0.3384,0.2353,0.4263
1527620700,0.4704,46.9,0.3393,76.4,0.00119,0.3273,0.2361,0.4366
1527621000,0.4881,47.1,0.3375,82.4,0.00159,0.3277,0.2266,0.4457
1527621300,0.4986,46.7,0.3348,66.4,0.00183,0.331,0.2223,0.4467
1527621600,0.4947,46.2,0.3323,76.6,0.00145,0.3408,0.2289,0.4303
1527621900,0.4818,46.2,0.3487,73.0,0.00132,0.3271,0.2367,0.4361
1527622200,0.4468,46.0,0.3346,70.4,0.00134,0.3184,0.2385,0.4431
1527622500,0.4548,46.5,0.3389,80.0,0.00173,0.3209,0.2391,0.44
1527622800,0.4493,48.1,0.3365,73.1,0.00126,0.3154,0.2362,0.4484
1527623100,0.4624,48.8,0.3374,71.1,0.00171,0.3161,0.2307,0.4532
1527623400,0.4639,48.3,0.3339,71.9,0.00128,0.3162,0.2276,0.4562
1527623700,0.4603,48.2,0.3224,76.1,0.0011,0.3183,0.2229,0.4588
1527624000,0.4767,47.4,0.3287,76.1,0.00143,0.3221,0.2221,0.4558
1527624300,0.4721,48.3,0.3367,83.2,0.00232,0.3203,0.2284,0.4513
1527624600,0.4635,48.6,0.3362,76.8,0.00107,0.3153,0.2287,0.456
1527624900,0.4707,48.6,0.3441,70.7,0.00157,0.315,0.2303,0.4547
1527625200,0.4744,49.8,0.3499,86.9,0.00122,0.3147,0.2321,0.4532
1527625500,0.5043,46.9,0.3663,98.7,0.0018,0.3261,0.2369,0.4371
1527625800,0.4894,46.8,0.3633,91.4,0.0015,0.32,0.2376,0.4424
1527626100,0.4753,46.8,0.3619,81.8,0.00106,0.3113,0.2371,0.4516
1527626400,0.4707,48.3,0.3622,77.8,0.00176,0.306,0.2355,0.4585
1527626700,0.4716,48.4,0.3537,85.2,0.00137,0.3074,0.2305,0.4621
1527627000,0.4888,48.6,0.3646,82.3,0.00152,0.309,0.2305,0.4605
1527627300,0.4694,48.8,0.3526,72.1,0.00107,0.3072,0.2308,0.462
1527627600,0.4698,48.4,0.3548,82.4,0.00118,0.3147,0.2377,0.4476
1527627900,0.4851,49.2,0.3688,66.3,0.00168,0.3147,0.2392,0.4461
1527628200,0.4942,48.6,0.3743,84.0,0.00168,0.3181,0.2409,0.441
1527628500,0.4874,48.3,0.3796,83.3,0.00122,0.3123,0.2433,0.4444
1527628800,0.4903,47.3,0.3728,79.3,0.00128,0.3161,0.2404,0.4435
1527629100,0.505,45.9,0.3721,82.9,0.0015,0.3254,0.2398,0.4348
1527629400,0.5051,44.4,0.3703,88.3,0.00183,0.3364,0.2466,0.4169
1527629700,0.5032,44.8,0.3724,78.5,0.00167,0.3305,0.2446,0.4248
1527630000,0.4858,44.1,0.3593,80.5,0.00159,0.3297,0.2438,0.4265
1527630300,0.4988,44.9,0.3608,79.9,0.00144,0.3326,0.2406,0.4268
1527630600,0.464,45.5,0.3345,83.4,0.00162,0.3353,0.2417,0.4231
1527630900,0.4782,47.8,0.336,86.2,0.00146,0.3476,0.2442,0.4081
1527631200,0.4513,48.5,0.3274,75.6,0.00157,0.3427,0.2486,0.4088
1527631500,0.4483,48.9,0.3335,82.4,0.0014,0.339,0.2522,0.4088
1527631800,0.436,50.1,0.3202,71.8,0.00139,0.3428,0.2518,0.4054
1527632100,0.4659,51.3,0.335,75.2,0.00118,0.3355,0.2413,0.4232
1527632400,0.4465,53.3,0.3158,68.8,0.00112,0.3498,0.2474,0.4028
1527632700,0.4781,55.7,0.3289,80.5,0.00202,0.3586,0.2467,0.3947
1527633000,0.4705,57.5,0.3172,75.2,0.00103,0.3675,0.2477,0.3848
1527633300,0.4849,57.2,0.3237,89.1,0.00114,0.3846,0.2567,0.3587
1527633600,0.4741,56.8,0.3212,78.4,0.00126,0.3784,0.2564,0.3652
1527633900,0.4469,55.8,0.3174,74.9,0.00154,0.3843,0.2729,0.3428
1527634200,0.4705,56.0,0.3325,80.0,0.00105,0.3623,0.256,0.3817
1527634500,0.4458,54.7,0.3189,88.1,0.00107,0.3848,0.2752,0.34
1527634800,0.4784,54.1,0.3305,81.9,0.00103,0.3783,0.2613,0.3604
1527635100,0.4615,51.9,0.322,75.9,0.00144,0.3595,0.2508,0.3897
1527635400,0.4687,53.4,0.3258,80.5,0.00162,0.3597,0.25,0.3903
1527635700,0.4495,54.8,0.3263,83.2,0.00128,0.3505,0.2544,0.3951
1527636000,0.4424,53.1,0.3188,73.3,0.00193,0.3678,0.265,0.3671
1527636300,0.4713,53.5,0.3297,75.6,0.00126,0.3644,0.2549,0.3807
1527636600,0.4632,55.0,0.3218,80.5,0.00151,0.3554,0.2469,0.3976
1527636900,0.4531,51.7,0.312,84.8,0.001,0.3826,0.2634,0.354
1527637200,0.4591,52.3,0.3237,74.8,0.00115,0.3594,0.2534,0.3872
1527637500,0.4557,53.2,0.3204,70.9,0.0012,0.3699,0.2601,0.3699
1527637800,0.4781,52.8,0.3325,80.2,0.0019,0.3662,0.2546,0.3792
1527638100,0.4381,49.4,0.3326,71.9,0.00114,0.3416,0.2593,0.3991
1527638400,0.4399,49.2,0.3254,71.1,0.00123,0.3643,0.2695,0.3662
1527638700,0.4503,49.8,0.3297,82.5,0.00203,0.36,0.2636,0.3764
1527639000,0.4269,48.4,0.3188,68.8,0.00131,0.3466,0.2588,0.3946
1527639300,0.4447,49.8,0.3273,78.0,0.0015,0.3649,0.2686,0.3666
1527639600,0.4327,50.4,0.3255,77.8,0.00113,0.361,0.2716,0.3674
1527639900,0.4586,51.2,0.3381,90.2,0.00171,0.3557,0.2622,0.382
1527640200,0.4553,51.8,0.3358,73.4,0.00117,0.3574,0.2636,0.3789
1527640500,0.4401,51.1,0.3313,72.1,0.0012,0.3635,0.2736,0.3629
1527640800,0.456,49.8,0.3366,81.8,0.00105,0.3665,0.2705,0.3629
1527641100,0.4373,48.9,0.3235,79.2,0.00205,0.3772,0.279,0.3438
1527641400,0.4454,49.7,0.3269,75.2,0.0011,0.3671,0.2695,0.3634
1527641700,0.4318,49.3,0.3144,73.3,0.0012,0.3759,0.2737,0.3505
1527642000,0.4454,50.8,0.3136,73.0,0.00168,0.3774,0.2657,0.3569
1527642300,0.467,49.3,0.3277,76.1,0.00108,0.3782,0.2654,0.3563
1527642600,0.4581,50.9,0.3213,75.3,0.00126,0.378,0.2651,0.3569
1527642900,0.4342,50.6,0.3096,76.0,0.00176,0.3933,0.2804,0.3263
1527643200,0.4435,48.6,0.3165,81.9,0.00181,0.386,0.2755,0.3385
1527643500,0.4252,47.0,0.3165,78.6,0.00139,0.3638,0.2708,0.3654
1527643800,0.4542,49.7,0.3133,81.3,0.00128,0.3743,0.2582,0.3675
1527644100,0.473,51.4,0.3139,74.7,0.00188,0.4004,0.2657,0.3339
1527644400,0.4855,51.3,0.3187,83.2,0.00143,0.3889,0.2553,0.3558
1527644700,0.4878,51.4,0.3127,79.1,0.00111,0.4163,0.2669,0.3168
1527645000,0.4859,51.4,0.3095,78.8,0.00127,0.4073,0.2594,0.3333
1527645300,0.4937,52.3,0.3119,78.4,0.00103,0.4015,0.2537,0.3448
1527645600,0.4899,55.0,0.3104,84.9,0.00102,0.4006,0.2538,0.3455
1527645900,0.4975,55.6,0.3129,75.9,0.0015,0.399,0.2509,0.3501
1527646200,0.5007,54.9,0.3178,81.9,0.00159,0.3908,0.2481,0.3611
1527646500,0.4763,52.2,0.3097,74.3,0.00114,0.404,0.2627,0.3332
1527646800,0.4676,53.2,0.3073,79.8,0.00109,0.3845,0.2527,0.3629
1527647100,0.4767,52.8,0.3199,79.2,0.00182,0.3687,0.2474,0.3839
1527647400,0.4866,51.7,0.3231,79.8,0.00154,0.3725,0.2474,0.3801
1527647700,0.4623,49.3,0.3099,81.3,0.00139,0.4063,0.2723,0.3214
1527648000,0.4682,53.4,0.3213,64.4,0.00107,0.3897,0.2674,0.3429
1527648300,0.4721,55.6,0.3263,85.3,0.0016,0.3835,0.2651,0.3514
1527648600,0.481,56.9,0.3317,81.0,0.00159,0.3845,0.2652,0.3503
1527648900,0.491,56.5,0.3357,77.0,0.00119,0.3895,0.2663,0.3443
1527649200,0.4829,55.0,0.3372,80.0,0.00142,0.3884,0.2712,0.3403
1527649500,0.4783,54.0,0.3352,78.8,0.00107,0.3932,0.2755,0.3313
1527649800,0.4637,51.0,0.3289,68.5,0.00146,0.4055,0.2876,0.3068
1527650100,0.4732,49.1,0.3289,70.1,0.00115,0.416,0.2891,0.2949
1527650400,0.4767,49.5,0.3307,81.6,0.00133,0.4215,0.2924,0.2862
1527650700,0.4743,50.2,0.3313,84.5,0.00125,0.4199,0.2933,0.2868
1527651000,0.4755,50.7,0.3306,68.8,0.00121,0.4192,0.2915,0.2893
1527651300,0.4619,50.6,0.3286,77.6,0.00153,0.4129,0.2937,0.2934
1527651600,0.4605,51.4,0.329,86.0,0.00167,0.4096,0.2926,0.2978
1527651900,0.4582,52.1,0.3282,78.0,0.0018,0.4087,0.2927,0.2986
1527652200,0.4549,52.7,0.3278,76.1,0.00122,0.406,0.2926,0.3014
1527652500,0.4535,53.8,0.3281,77.9,0.0014,0.4024,0.2911,0.3065
1527652800,0.4585,54.6,0.3288,78.2,0.00112,0.4073,0.2921,0.3006
1527653100,0.4477,54.8,0.3286,77.0,0.00125,0.4047,0.297,0.2983
1527653400,0.4546,54.8,0.3294,75.9,0.00167,0.4067,0.2947,0.2986
1527653700,0.4563,55.0,0.329,81.2,0.00101,0.4084,0.2945,0.2971
1527654000,0.43,53.9,0.3274,72.7,0.00115,0.3942,0.3002,0.3056
1527654300,0.4128,52.9,0.3188,73.8,0.00107,0.3873,0.2991,0.3136
1527654600,0.4334,53.7,0.3171,75.7,0.00106,0.3881,0.284,0.3279
1527654900,0.432,55.6,0.3158,67.0,0.00128,0.3709,0.2712,0.3579
1527655200,0.449,57.1,0.3167,76.2,0.00119,0.3656,0.2579,0.3765
1527655500,0.479,57.8,0.3228,72.9,0.00119,0.3652,0.2461,0.3886
1527655800,0.5083,59.8,0.3404,76.1,0.0013,0.3683,0.2467,0.385
1527656100,0.5091,62.5,0.345,83.7,0.00147,0.3741,0.2535,0.3724
1527656400,0.4977,61.3,0.3404,84.8,0.00198,0.3949,0.2701,0.335
1527656700,0.4921,60.2,0.3381,75.8,0.00133,0.4142,0.2846,0.3012
1527657000,0.4878,59.6,0.3372,71.7,0.001,0.4218,0.2915,0.2867
1527657300,0.4909,60.0,0.3365,82.1,0.00116,0.4253,0.2915,0.2832
1527657600,0.4938,60.7,0.3372,69.9,0.0014,0.4252,0.2903,0.2845
1527657900,0.4785,62.0,0.3366,73.4,0.00142,0.4173,0.2936,0.2891
1527658200,0.4775,62.7,0.3353,79.1,0.00124,0.419,0.2942,0.2868
1527658500,0.4642,59.5,0.3329,82.5,0.00153,0.4258,0.3053,0.2689
1527658800,0.4776,60.4,0.3349,75.7,0.00124,0.4276,0.2999,0.2725
1527659100,0.4877,60.7,0.3365,84.0,0.00126,0.4305,0.297,0.2725
1527659400,0.4913,60.7,0.3381,82.9,0.00133,0.4317,0.2971,0.2712
1527659700,0.4939,60.4,0.3401,78.0,0.00193,0.4321,0.2975,0.2704
1527660000,0.486,60.1,0.341,80.9,0.00122,0.4288,0.3009,0.2703
1527660300,0.4852,59.3,0.3384,76.9,0.00158,0.4335,0.3023,0.2642
1527660600,0.4733,59.5,0.3365,84.1,0.00121,0.4294,0.3053,0.2653
1527660900,0.4605,59.2,0.3354,72.4,0.00118,0.4229,0.308,0.2691
1527661200,0.461,59.8,0.3342,74.2,0.00204,0.4239,0.3073,0.2688
1527661500,0.4731,59.2,0.335,75.8,0.00153,0.4308,0.3051,0.2641
1527661800,0.4734,59.1,0.3354,75.5,0.00158,0.4303,0.3049,0.2648
1527662100,0.4855,59.4,0.3373,78.1,0.00201,0.4354,0.3025,0.2621
1527662400,0.4793,59.3,0.3379,76.7,0.00248,0.4329,0.3052,0.2618
1527662700,0.4755,59.1,0.3375,78.0,0.00143,0.4318,0.3064,0.2618
1527663000,0.4791,58.8,0.3362,81.7,0.0013,0.4342,0.3047,0.2611
1527663300,0.4695,58.9,0.3355,74.2,0.00134,0.4286,0.3063,0.2651
1527663600,0.4633,57.9,0.3364,72.5,0.00117,0.4242,0.308,0.2679
1527663900,0.4532,58.1,0.3363,75.3,0.00121,0.4197,0.3114,0.2689
1527664200,0.4536,56.8,0.3369,81.1,0.00186,0.4223,0.3137,0.264
1527664500,0.4577,55.8,0.3376,71.6,0.00138,0.4245,0.3131,0.2623
1527664800,0.4476,55.2,0.3365,87.3,0.00144,0.4201,0.3159,0.264
1527665100,0.4477,54.5,0.3355,71.9,0.00165,0.4213,0.3157,0.2629
1527665400,0.4473,54.2,0.3351,76.2,0.00106,0.4215,0.3157,0.2628
1527665700,0.4211,53.9,0.3335,77.8,0.00161,0.4072,0.3225,0.2703
1527666000,0.4225,54.0,0.3317,70.1,0.00179,0.4088,0.321,0.2702
1527666300,0.4243,54.7,0.3304,74.5,0.00143,0.4081,0.3178,0.2741
1527666600,0.4308,55.3,0.3303,71.9,0.00171,0.4081,0.3129,0.279
1527666900,0.4391,56.3,0.3324,70.1,0.00199,0.4084,0.3091,0.2825
1527667200,0.4403,57.1,0.3345,69.0,0.00103,0.4066,0.3089,0.2846
1527667500,0.4381,57.4,0.3333,74.6,0.00179,0.4094,0.3115,0.279
1527667800,0.4365,57.5,0.3339,82.5,0.00127,0.4095,0.3133,0.2772
1527668100,0.4342,57.8,0.3336,83.5,0.00206,0.4083,0.3137,0.278
1527668400,0.442,58.7,0.3335,81.4,0.00186,0.4114,0.3104,0.2782
1527668700,0.4337,59.5,0.333,72.8,0.0021,0.4055,0.3113,0.2832
1527669000,0.4347,60.1,0.3328,78.4,0.0021,0.407,0.3116,0.2815
1527669300,0.4255,60.7,0.3322,72.6,0.0011,0.401,0.3131,0.2859
1527669600,0.4212,61.2,0.3307,80.4,0.00227,0.397,0.3117,0.2914
1527669900,0.424,61.4,0.3316,75.8,0.00184,0.3946,0.3086,0.2968
1527670200,0.4162,61.1,0.3321,72.0,0.00105,0.3875,0.3092,0.3033
1527670500,0.413,61.8,0.3327,77.2,0.00156,0.3836,0.309,0.3074
1527670800,0.3988,60.7,0.3332,64.5,0.00147,0.3749,0.3132,0.3118
1527671100,0.4002,59.9,0.333,72.5,0.00126,0.3763,0.3131,0.3106
1527671400,0.4027,59.9,0.3313,71.8,0.00106,0.3775,0.3105,0.312
1527671700,0.4178,60.3,0.3312,74.6,0.00196,0.3852,0.3054,0.3094
1527672000,0.4364,62.1,0.3331,74.1,0.00159,0.3955,0.3019,0.3026
1527672300,0.4201,63.4,0.3335,70.6,0.0017,0.386,0.3064,0.3075
1527672600,0.407,63.9,0.3317,69.3,0.00109,0.3796,0.3094,0.311
1527672900,0.4072,63.8,0.3313,76.5,0.00176,0.3791,0.3085,0.3124
1527673200,0.4143,64.2,0.3313,76.9,0.00108,0.3813,0.3049,0.3137
1527673500,0.3749,64.1,0.3293,69.6,0.00189,0.3566,0.3132,0.3302
1527673800,0.4121,62.9,0.3296,73.7,0.00114,0.3757,0.3005,0.3238
1527674100,0.4087,62.9,0.3291,74.9,0.00122,0.3717,0.2993,0.3291
1527674400,0.4267,63.8,0.3323,78.6,0.00132,0.3842,0.2992,0.3167
1527674700,0.438,63.6,0.3321,68.1,0.00112,0.394,0.2987,0.3073
1527675000,0.445,64.5,0.3353,86.4,0.00127,0.3977,0.2996,0.3027
1527675300,0.4388,63.8,0.3351,73.5,0.00125,0.3981,0.304,0.298
1527675600,0.4318,63.5,0.3346,81.5,0.00162,0.4034,0.3126,0.284
1527675900,0.4128,63.6,0.3348,76.1,0.00188,0.3921,0.318,0.29
1527676200,0.3605,62.3,0.3311,72.5,0.0013,0.3609,0.3315,0.3076
1527676500,0.3297,59.5,0.3258,64.1,0.00199,0.3392,0.3352,0.3256
1527676800,0.3863,58.2,0.3301,75.3,0.00148,0.3655,0.3123,0.3223
1527677100,0.4275,59.1,0.3353,85.1,0.00113,0.3838,0.301,0.3152
1527677400,0.4591,56.0,0.336,81.7,0.00108,0.4206,0.3078,0.2715
1527677700,0.4625,59.8,0.3433,79.1,0.00128,0.4188,0.3108,0.2704
1527678000,0.4306,60.1,0.3399,79.9,0.00141,0.406,0.3205,0.2734
1527678300,0.4217,58.5,0.3369,73.1,0.00104,0.4044,0.3231,0.2724
1527678600,0.4137,57.3,0.3329,70.3,0.00101,0.4037,0.3249,0.2714
1527678900,0.3944,56.3,0.328,68.5,0.001,0.3947,0.3282,0.2771
1527679200,0.4571,56.7,0.3366,77.3,0.00183,0.4188,0.3084,0.2728
1527679500,0.47,59.3,0.3421,76.1,0.00105,0.4199,0.3056,0.2745
1527679800,0.4634,60.6,0.3397,69.5,0.00183,0.4214,0.3089,0.2697
1527680100,0.4546,60.6,0.3377,64.4,0.00133,0.4202,0.3121,0.2677
1527680400,0.4513,59.1,0.339,72.6,0.00152,0.4212,0.3164,0.2624
1527680700,0.4559,58.1,0.3393,67.0,0.00162,0.4236,0.3153,0.2611
1527681000,0.4463,58.5,0.3398,79.8,0.0011,0.4153,0.3162,0.2685
1527681300,0.4631,59.1,0.3443,82.3,0.00152,0.4223,0.314,0.2637
1527681600,0.4658,58.8,0.3392,70.2,0.00122,0.4274,0.3113,0.2613
1527681900,0.4563,57.9,0.3409,81.1,0.00128,0.4273,0.3192,0.2535
1527682200,0.4428,57.2,0.3366,82.3,0.00185,0.4265,0.3242,0.2493
1527682500,0.4381,56.9,0.3338,76.3,0.00122,0.4266,0.3251,0.2483
1527682800,0.4331,57.4,0.3311,82.2,0.00108,0.4241,0.3242,0.2517
1527683100,0.4344,57.1,0.3328,76.5,0.00195,0.4182,0.3204,0.2614
1527683400,0.4427,56.4,0.3317,79.6,0.00131,0.4214,0.3157,0.2629
1527683700,0.4577,57.6,0.3373,71.4,0.00144,0.4275,0.315,0.2575
1527684000,0.4567,57.9,0.3366,70.0,0.00121,0.4287,0.316,0.2553
1527684300,0.4617,57.5,0.3367,85.9,0.00163,0.431,0.3143,0.2548
1527684600,0.4557,57.4,0.3374,74.7,0.00105,0.4253,0.3149,0.2597
1527684900,0.4358,57.3,0.3368,72.0,0.00158,0.4145,0.3204,0.2651
1527685200,0.4506,57.4,0.3364,71.0,0.0015,0.4194,0.3131,0.2675
1527685500,0.4385,56.8,0.3358,76.2,0.00182,0.4116,0.3152,0.2732
1527685800,0.3829,54.6,0.3324,70.5,0.00129,0.3849,0.3342,0.2809
1527686100,0.3603,51.9,0.3314,67.2,0.00164,0.3664,0.337,0.2965
1527686400,0.3528,48.6,0.3257,70.9,0.00135,0.3595,0.3319,0.3086
1527686700,0.3567,47.9,0.3253,74.0,0.00118,0.3547,0.3235,0.3219
1527687000,0.3344,47.9,0.3234,74.3,0.00124,0.3307,0.3199,0.3494
1527687300,0.3203,47.2,0.3255,66.8,0.00102,0.3049,0.3098,0.3853
1527687600,0.3258,46.7,0.3203,67.2,0.00119,0.3093,0.3041,0.3866
1527687900,0.3554,47.5,0.335,61.7,0.0014,0.3128,0.2948,0.3924
1527688200,0.3488,47.0,0.3202,63.9,0.00123,0.3118,0.2862,0.402
1527688500,0.3242,46.7,0.31,62.6,0.00112,0.3297,0.3153,0.3551
1527688800,0.3601,46.7,0.3221,69.6,0.0013,0.3302,0.2954,0.3744
1527689100,0.3574,47.0,0.3191,60.2,0.00112,0.306,0.2732,0.4208
1527689400,0.3762,48.1,0.3181,67.9,0.00186,0.313,0.2646,0.4224
1527689700,0.3921,48.2,0.3241,69.8,0.00149,0.3149,0.2603,0.4248
1527690000,0.3843,49.1,0.3312,68.8,0.00106,0.3049,0.2627,0.4324
1527690300,0.4074,49.2,0.3447,72.3,0.00172,0.3056,0.2585,0.4359
1527690600,0.3991,48.3,0.3404,89.4,0.00166,0.2983,0.2545,0.4472
1527690900,0.4037,48.2,0.3403,68.4,0.00115,0.2928,0.2468,0.4604
1527691200,0.4212,48.6,0.3369,64.6,0.00123,0.3001,0.24,0.4598
1527691500,0.4082,49.3,0.3346,71.1,0.00125,0.2876,0.2358,0.4766
1527691800,0.424,36.4,0.3,77.5,0.00116,0.4165,0.2947,0.2888
1527692100,0.4522,40.9,0.3147,70.4,0.00161,0.3875,0.2697,0.3428
1527692400,0.4809,42.8,0.3226,75.4,0.00121,0.4172,0.2799,0.3029
1527692700,0.4398,42.6,0.3058,72.5,0.0012,0.4298,0.2989,0.2713
1527693000,0.4613,43.2,0.3191,78.8,0.00179,0.4062,0.281,0.3129
1527693300,0.4509,44.6,0.3043,65.3,0.00122,0.4328,0.2921,0.2751
1527693600,0.4576,45.9,0.3024,72.5,0.00121,0.449,0.2967,0.2543
1527693900,0.4755,51.9,0.3013,72.1,0.00147,0.4341,0.275,0.2909
1527694200,0.501,55.7,0.3086,75.6,0.00161,0.4142,0.2551,0.3307
1527694500,0.473,55.8,0.295,81.2,0.00146,0.4232,0.2639,0.3129
1527694800,0.4645,51.7,0.2935,70.2,0.00129,0.4409,0.2786,0.2806
1527695100,0.4515,48.6,0.2906,82.9,0.00125,0.4308,0.2773,0.292
1527695400,0.4618,49.6,0.294,75.9,0.00104,0.4186,0.2665,0.3149
1527695700,0.4346,48.7,0.2931,75.8,0.00125,0.4116,0.2776,0.3109
1527696000,0.4402,50.6,0.2897,70.6,0.00123,0.3838,0.2526,0.3636
1527696300,0.4396,52.2,0.2899,72.2,0.00137,0.4078,0.2689,0.3233
1527696600,0.42,50.3,0.2818,65.9,0.00128,0.4051,0.2718,0.3231
1527696900,0.425,49.7,0.2864,70.4,0.00132,0.4034,0.2719,0.3247
1527697200,0.4559,49.2,0.2931,70.5,0.00137,0.4142,0.2663,0.3195
1527697500,0.4447,50.6,0.2945,76.4,0.00119,0.3852,0.2551,0.3598
1527697800,0.4428,51.9,0.2945,74.2,0.00215,0.3959,0.2633,0.3409
1527698100,0.4621,51.8,0.3001,68.2,0.00158,0.3974,0.2581,0.3446
1527698400,0.4429,51.5,0.289,77.2,0.00204,0.4033,0.2632,0.3335
1527698700,0.4404,52.0,0.2929,79.9,0.00111,0.3911,0.2601,0.3487
1527699000,0.4384,53.0,0.2946,75.4,0.0016,0.3862,0.2595,0.3543
1527699300,0.4447,50.3,0.3081,81.4,0.00133,0.3654,0.2532,0.3814
1527699600,0.4719,50.9,0.3212,86.2,0.00223,0.3621,0.2465,0.3914
1527699900,0.4616,52.0,0.3227,79.3,0.00113,0.3436,0.2402,0.4162
1527700200,0.4432,50.0,0.3083,67.3,0.00131,0.363,0.2525,0.3846
1527700500,0.4491,49.3,0.3132,66.1,0.00156,0.3643,0.254,0.3817
1527700800,0.4477,49.3,0.3051,76.7,0.00114,0.3662,0.2496,0.3842
1527701100,0.4465,50.9,0.3065,74.1,0.00157,0.358,0.2458,0.3962
1527701400,0.4643,52.4,0.3143,81.0,0.00142,0.3695,0.2501,0.3803
1527701700,0.4754,52.1,0.3132,79.2,0.00182,0.3676,0.2422,0.3902
1527702000,0.4555,51.9,0.3033,80.6,0.00111,0.3784,0.252,0.3696
1527702300,0.459,53.1,0.3029,87.6,0.0017,0.3711,0.2449,0.3839
1527702600,0.4544,50.6,0.3003,78.2,0.00145,0.3754,0.2481,0.3765
1527702900,0.4464,49.7,0.2965,78.2,0.0013,0.3835,0.2547,0.3618
1527703200,0.4426,49.9,0.3081,81.6,0.00123,0.3783,0.2633,0.3584
1527703500,0.4412,51.0,0.3075,85.7,0.00182,0.3626,0.2527,0.3847
1527703800,0.4267,52.4,0.2997,72.0,0.00102,0.3641,0.2558,0.3801
1527704100,0.416,51.8,0.2955,71.3,0.00169,0.378,0.2685,0.3535
1527704400,0.4367,52.5,0.308,74.8,0.00121,0.3749,0.2644,0.3607
1527704700,0.4117,52.2,0.2905,69.6,0.00102,0.3754,0.2649,0.3597
1527705000,0.4315,53.2,0.3036,77.3,0.00187,0.3728,0.2623,0.3648
1527705300,0.4175,54.4,0.2919,79.6,0.00132,0.3693,0.2582,0.3725
1527705600,0.4388,54.8,0.3059,73.5,0.00103,0.3606,0.2514,0.388
1527705900,0.4104,54.5,0.2942,73.3,0.00134,0.3583,0.2568,0.3849
1527706200,0.4109,54.4,0.2964,68.3,0.00126,0.3654,0.2636,0.371
1527706500,0.39,54.5,0.2837,68.6,0.00143,0.3928,0.2857,0.3215
1527706800,0.4016,55.3,0.2927,72.0,0.00127,0.3845,0.2802,0.3353
1527707100,0.3853,55.7,0.2884,69.6,0.00131,0.3754,0.281,0.3436
1527707400,0.4332,55.8,0.2939,70.9,0.00148,0.4169,0.2828,0.3003
1527707700,0.4548,57.2,0.3044,72.8,0.00203,0.4113,0.2753,0.3134
1527708000,0.4645,58.2,0.305,71.1,0.00113,0.3916,0.2571,0.3513
1527708300,0.4778,58.5,0.3198,83.1,0.00131,0.3935,0.2634,0.3432
1527708600,0.4439,56.8,0.3142,86.9,0.00155,0.3752,0.2656,0.3592
1527708900,0.4129,54.7,0.3072,69.0,0.00118,0.3793,0.2822,0.3386
1527709200,0.3932,54.1,0.3004,75.7,0.00129,0.3776,0.2885,0.334
1527709500,0.3973,53.7,0.2943,69.7,0.00114,0.3992,0.2957,0.3051
1527709800,0.4078,54.7,0.3023,72.2,0.00161,0.3798,0.2815,0.3387
1527710100,0.4014,55.1,0.2996,68.1,0.00161,0.3935,0.2937,0.3129
1527710400,0.4081,54.4,0.2897,75.0,0.00138,0.4126,0.2929,0.2945
1527710700,0.4065,55.6,0.2984,73.7,0.00138,0.4022,0.2952,0.3025
1527711000,0.4024,54.4,0.2968,77.1,0.00134,0.3987,0.2941,0.3072
1527711300,0.3921,55.0,0.2995,64.6,0.0015,0.3761,0.2873,0.3366
1527711600,0.3918,55.0,0.3037,69.9,0.00106,0.3836,0.2973,0.3191
1527711900,0.4295,55.2,0.3291,74.4,0.00112,0.355,0.272,0.373
1527712200,0.4455,53.0,0.3432,83.7,0.00145,0.3422,0.2636,0.3941
1527712500,0.4274,52.1,0.3544,79.5,0.00109,0.3224,0.2673,0.4102
1527712800,0.4386,51.1,0.3622,80.2,0.00117,0.327,0.27,0.403
1527713100,0.4579,50.4,0.3661,75.7,0.00183,0.3328,0.2661,0.4011
1527713400,0.4492,50.5,0.3646,79.0,0.00122,0.3258,0.2645,0.4097
1527713700,0.4382,49.9,0.3651,75.7,0.00154,0.3183,0.2652,0.4165
1527714000,0.4469,50.7,0.3644,85.8,0.00107,0.3177,0.259,0.4233
1527714300,0.4501,50.5,0.3646,81.8,0.00147,0.3238,0.2623,0.4139
1527714600,0.4539,48.5,0.3673,76.0,0.0018,0.3394,0.2746,0.386
1527714900,0.4612,49.0,0.3724,72.5,0.00164,0.3378,0.2728,0.3894
1527715200,0.4512,49.8,0.3736,74.1,0.00147,0.3289,0.2723,0.3988
1527715500,0.448,50.1,0.378,69.8,0.00147,0.325,0.2742,0.4008
1527715800,0.4396,50.3,0.3665,72.9,0.001,0.3224,0.2688,0.4088
1527716100,0.4318,49.1,0.3463,77.0,0.00109,0.3273,0.2625,0.4101
1527716400,0.4166,49.7,0.3401,77.6,0.00153,0.332,0.2711,0.3969
1527716700,0.4013,50.6,0.3132,65.7,0.00188,0.3432,0.2678,0.389
1527717000,0.395,49.2,0.3053,69.2,0.00107,0.3688,0.2851,0.3461
1527717300,0.3699,48.2,0.2872,75.5,0.00178,0.3798,0.2949,0.3253
1527717600,0.3605,48.6,0.2771,77.5,0.00141,0.4078,0.3134,0.2788
1527717900,0.3702,51.0,0.2752,73.5,0.00112,0.4044,0.3006,0.295
1527718200,0.4069,52.1,0.2811,71.3,0.0015,0.4603,0.318,0.2217
1527718500,0.3984,54.7,0.283,69.6,0.00107,0.4438,0.3152,0.241
1527718800,0.3964,54.8,0.2772,65.4,0.00155,0.4385,0.3066,0.2549
1527719100,0.3752,54.7,0.2718,66.5,0.00126,0.4547,0.3294,0.216
1527719400,0.3906,54.0,0.2692,66.6,0.00159,0.4804,0.3311,0.1886
1527719700,0.3779,53.7,0.2682,75.1,0.00158,0.4667,0.3312,0.2021
1527720000,0.3988,54.4,0.269,78.7,0.00122,0.4621,0.3117,0.2262
1527720300,0.3822,54.4,0.2652,71.6,0.00125,0.4808,0.3336,0.1855
1527720600,0.3888,52.8,0.2642,65.5,0.00106,0.4978,0.3382,0.164
1527720900,0.3995,54.3,0.2692,71.4,0.00122,0.4549,0.3065,0.2386
1527721200,0.3974,54.0,0.2704,71.4,0.00123,0.4602,0.3131,0.2267
1527721500,0.3905,53.6,0.2688,74.1,0.00199,0.4668,0.3213,0.2119
1527721800,0.4027,53.5,0.2716,77.2,0.00142,0.4572,0.3084,0.2344
1527722100,0.4018,53.4,0.2753,71.5,0.00151,0.4585,0.3142,0.2273
1527722400,0.4014,54.9,0.2706,69.3,0.00122,0.4754,0.3205,0.2041
1527722700,0.3956,56.8,0.2787,69.5,0.00149,0.4176,0.2942,0.2882
1527723000,0.4037,56.7,0.2839,80.8,0.00133,0.4208,0.2959,0.2833
1527723300,0.3955,56.1,0.2824,68.4,0.00172,0.4273,0.3051,0.2675
1527723600,0.4229,57.7,0.2971,67.6,0.00133,0.4172,0.2931,0.2897
1527723900,0.4279,57.7,0.2923,70.2,0.00122,0.4451,0.304,0.2509
1527724200,0.4276,58.1,0.2925,76.3,0.00145,0.4391,0.3004,0.2605
1527724500,0.4344,58.8,0.2943,71.3,0.00135,0.4245,0.2876,0.2879
1527724800,0.438,58.3,0.2941,78.8,0.00109,0.4427,0.2973,0.26
1527725100,0.4256,59.3,0.2938,79.0,0.00149,0.4328,0.2988,0.2684
1527725400,0.4102,58.3,0.2916,73.9,0.0017,0.4218,0.2999,0.2783
1527725700,0.42,58.4,0.2922,80.3,0.00137,0.4188,0.2914,0.2898
1527726000,0.4273,59.1,0.2951,74.5,0.00105,0.4198,0.2899,0.2902
1527726300,0.4298,59.6,0.2961,68.6,0.00149,0.4181,0.288,0.2939
1527726600,0.4398,60.9,0.2961,75.4,0.00154,0.4275,0.2878,0.2847
1527726900,0.4481,61.4,0.2969,79.9,0.00176,0.4185,0.2773,0.3041
1527727200,0.4515,61.4,0.2947,74.5,0.00181,0.4316,0.2817,0.2867
1527727500,0.457,61.1,0.3021,78.6,0.00143,0.4122,0.2725,0.3152
1527727800,0.46,62.5,0.3018,62.5,0.00201,0.4213,0.2764,0.3024
1527728100,0.4497,61.6,0.3041,70.9,0.00124,0.406,0.2745,0.3195
1527728400,0.4395,59.7,0.3014,73.5,0.00164,0.4082,0.28,0.3118
1527728700,0.4167,58.7,0.2964,73.8,0.00171,0.4011,0.2853,0.3136
1527729000,0.4151,58.1,0.2953,75.3,0.00153,0.414,0.2945,0.2915
1527729300,0.4292,59.4,0.297,77.5,0.00115,0.4165,0.2882,0.2953
1527729600,0.4352,59.1,0.2985,79.4,0.001,0.4205,0.2884,0.291
1527729900,0.4247,59.3,0.2937,68.6,0.00114,0.4173,0.2886,0.2942
1527730200,0.4241,60.8,0.2966,75.7,0.00141,0.3946,0.276,0.3294
1527730500,0.4351,60.1,0.2917,86.8,0.0019,0.4186,0.2807,0.3007
1527730800,0.4564,62.7,0.294,76.5,0.00124,0.4153,0.2675,0.3172
1527731100,0.4644,63.5,0.3043,74.8,0.00119,0.4061,0.2661,0.3278
1527731400,0.4641,63.7,0.3058,85.2,0.00114,0.4009,0.2641,0.335
1527731700,0.4711,64.1,0.3088,74.2,0.00174,0.4042,0.2649,0.3309
1527732000,0.4606,64.5,0.3084,70.8,0.00153,0.3988,0.267,0.3342
1527732300,0.4448,61.9,0.308,72.5,0.00103,0.3929,0.2721,0.335
1527732600,0.44,60.2,0.3061,70.6,0.00126,0.3922,0.2728,0.3349
1527732900,0.42,54.2,0.3035,73.3,0.00122,0.3872,0.2798,0.3329
1527733200,0.4403,56.4,0.3066,75.0,0.00188,0.3879,0.2701,0.3419
1527733500,0.4616,55.1,0.3132,76.8,0.00104,0.3834,0.2601,0.3564
1527733800,0.4533,50.2,0.3108,75.1,0.00184,0.3973,0.2724,0.3303
1527734100,0.4506,52.0,0.3207,85.7,0.00123,0.3809,0.2711,0.348
1527734400,0.4476,52.3,0.3231,76.9,0.00217,0.3811,0.2751,0.3438
1527734700,0.4499,51.3,0.3208,76.5,0.00146,0.3925,0.2798,0.3277
1527735000,0.454,52.6,0.3265,76.6,0.00111,0.3931,0.2827,0.3242
1527735300,0.4428,53.1,0.3289,70.1,0.00157,0.3867,0.2872,0.3261
1527735600,0.4352,53.2,0.3279,72.0,0.00111,0.3851,0.2902,0.3247
1527735900,0.4325,53.1,0.3257,65.5,0.00191,0.3885,0.2926,0.319
1527736200,0.4336,46.8,0.3193,70.1,0.00121,0.4189,0.3085,0.2726
1527736500,0.4347,45.0,0.3248,75.6,0.00126,0.4096,0.3061,0.2843
1527736800,0.4471,44.9,0.3259,76.8,0.00187,0.4146,0.3022,0.2831
1527737100,0.4467,44.8,0.3264,83.5,0.00111,0.4149,0.3032,0.2819
1527737400,0.4498,44.9,0.3272,83.4,0.00149,0.4156,0.3023,0.2821
1527737700,0.4405,44.6,0.3267,80.4,0.001,0.4125,0.3059,0.2816
1527738000,0.4394,44.2,0.3214,79.6,0.00117,0.4259,0.3115,0.2627
1527738300,0.4396,45.3,0.3216,83.6,0.0018,0.422,0.3087,0.2692
1527738600,0.4424,46.5,0.3235,68.6,0.00208,0.4193,0.3066,0.2741
1527738900,0.4451,47.5,0.3247,69.3,0.00164,0.4197,0.3062,0.2741
1527739200,0.438,48.2,0.3241,80.5,0.00121,0.4173,0.3088,0.2739
1527739500,0.4428,48.2,0.3246,79.1,0.00193,0.4199,0.3078,0.2723
1527739800,0.447,48.5,0.3254,74.6,0.00102,0.4229,0.3078,0.2693
1527740100,0.4351,48.3,0.3247,79.2,0.00118,0.4192,0.3128,0.268
1527740400,0.4391,48.0,0.3244,66.4,0.00108,0.4224,0.312,0.2656
1527740700,0.441,47.6,0.3246,66.2,0.0014,0.4212,0.31,0.2688
1527741000,0.4355,46.8,0.3164,71.9,0.00121,0.4376,0.318,0.2444
1527741300,0.4334,47.8,0.3202,72.1,0.00137,0.425,0.314,0.261
1527741600,0.4404,49.8,0.3234,77.8,0.00182,0.4205,0.3088,0.2708
1527741900,0.436,51.5,0.3256,73.2,0.00159,0.4112,0.3071,0.2817
1527742200,0.4277,52.1,0.325,77.2,0.00165,0.4035,0.3066,0.2899
1527742500,0.4284,52.6,0.3244,73.8,0.00141,0.4001,0.303,0.2969
1527742800,0.431,53.1,0.3235,72.7,0.00192,0.3979,0.2986,0.3035
1527743100,0.4181,53.7,0.324,71.9,0.00137,0.3874,0.3002,0.3124
1527743400,0.4312,53.9,0.3256,73.7,0.00198,0.3938,0.2973,0.3089
1527743700,0.4386,53.9,0.3245,75.6,0.0011,0.3991,0.2953,0.3056
1527744000,0.4771,55.8,0.3256,80.7,0.00129,0.4199,0.2866,0.2935
1527744300,0.4988,60.1,0.3286,83.1,0.00197,0.4314,0.2842,0.2844
1527744600,0.4936,61.9,0.3296,86.1,0.00152,0.4368,0.2917,0.2716
1527744900,0.4791,62.6,0.3303,81.2,0.00112,0.437,0.3012,0.2618
1527745200,0.4795,60.7,0.3315,67.7,0.00136,0.4456,0.308,0.2464
1527745500,0.4896,58.8,0.3328,77.1,0.00125,0.4563,0.3102,0.2335
1527745800,0.4888,57.9,0.3337,82.0,0.00122,0.4585,0.313,0.2284
1527746100,0.4786,57.7,0.3332,83.5,0.00116,0.4556,0.3172,0.2271
1527746400,0.4717,56.2,0.3319,78.5,0.00115,0.4546,0.3199,0.2255
1527746700,0.4644,56.4,0.3299,82.5,0.00101,0.4525,0.3215,0.226
1527747000,0.466,56.1,0.3296,80.2,0.00118,0.4532,0.3205,0.2263
1527747300,0.466,56.2,0.3294,79.3,0.00151,0.4538,0.3208,0.2253
1527747600,0.4666,56.9,0.3303,69.5,0.00118,0.4527,0.3204,0.2269
1527747900,0.4679,57.3,0.3307,79.7,0.00131,0.4521,0.3195,0.2284
1527748200,0.4605,57.8,0.3291,74.7,0.00125,0.4478,0.32,0.2323
1527748500,0.453,58.0,0.328,76.3,0.00126,0.4423,0.3202,0.2375
1527748800,0.4628,58.8,0.3282,74.9,0.00116,0.4455,0.3159,0.2386
1527749100,0.4712,59.5,0.3288,86.7,0.00109,0.4462,0.3114,0.2424
1527749400,0.4665,60.0,0.3294,76.7,0.0017,0.4427,0.3126,0.2447
1527749700,0.4775,60.2,0.3315,83.5,0.00109,0.4468,0.3102,0.243
1527750000,0.4783,60.7,0.3317,84.4,0.00148,0.4467,0.3098,0.2436
1527750300,0.4768,60.1,0.3314,82.1,0.00106,0.4482,0.3115,0.2403
1527750600,0.4764,59.2,0.3301,74.5,0.00148,0.4535,0.3142,0.2323
1527750900,0.4758,59.3,0.3298,84.8,0.00229,0.4528,0.3139,0.2333
1527751200,0.4747,59.0,0.3302,73.9,0.00108,0.4512,0.3139,0.2349
1527751500,0.4781,59.2,0.3311,78.7,0.00134,0.4525,0.3133,0.2342
1527751800,0.4625,59.4,0.3301,76.4,0.00102,0.4461,0.3184,0.2355
1527752100,0.461,59.2,0.3297,81.1,0.00144,0.4451,0.3183,0.2366
1527752400,0.4657,59.2,0.3288,79.8,0.00213,0.4475,0.3159,0.2366
1527752700,0.4786,59.9,0.33,82.9,0.00133,0.4516,0.3114,0.237
1527753000,0.4776,60.9,0.3299,83.1,0.00215,0.449,0.3102,0.2408
1527753300,0.4824,61.6,0.332,85.1,0.00164,0.4486,0.3087,0.2427
1527753600,0.4734,61.5,0.3332,76.0,0.00112,0.4429,0.3117,0.2454
1527753900,0.4761,61.0,0.3328,74.6,0.0011,0.4454,0.3114,0.2432
1527754200,0.4735,60.4,0.3314,80.6,0.00112,0.4476,0.3133,0.2391
1527754500,0.4715,60.3,0.3319,89.0,0.00141,0.4477,0.3152,0.2371
1527754800,0.467,60.5,0.3318,69.4,0.00165,0.4439,0.3154,0.2408
1527755100,0.474,60.5,0.3312,77.3,0.00105,0.4475,0.3126,0.2399
1527755400,0.4726,60.8,0.3303,76.7,0.00221,0.4462,0.3119,0.2419
1527755700,0.4679,60.9,0.3301,75.7,0.00153,0.4404,0.3107,0.2489
1527756000,0.4912,61.1,0.3321,87.9,0.00162,0.4503,0.3045,0.2452
1527756300,0.496,61.8,0.3342,77.2,0.0011,0.4511,0.304,0.2449
1527756600,0.4773,61.8,0.335,80.8,0.00154,0.4426,0.3107,0.2467
1527756900,0.4722,62.0,0.333,82.2,0.00208,0.4434,0.3127,0.2439
1527757200,0.4632,62.0,0.332,76.2,0.0017,0.4393,0.3149,0.2457
1527757500,0.4649,62.3,0.3309,82.1,0.00113,0.4425,0.3149,0.2426
1527757800,0.4599,62.4,0.3297,76.2,0.00164,0.4403,0.3156,0.2441
1527758100,0.4587,62.8,0.3295,78.8,0.00133,0.4377,0.3144,0.2479
1527758400,0.4644,62.8,0.3285,84.6,0.00182,0.4393,0.3107,0.25
1527758700,0.4668,63.1,0.3284,80.0,0.00125,0.4379,0.3081,0.254
1527759000,0.4586,63.8,0.3277,74.7,0.00116,0.432,0.3087,0.2593
1527759300,0.4624,64.8,0.3281,70.6,0.00191,0.4302,0.3052,0.2646
1527759600,0.4459,66.1,0.3265,85.0,0.00121,0.4235,0.3101,0.2663
1527759900,0.4347,64.9,0.325,71.4,0.00105,0.4169,0.3117,0.2715
1527760200,0.4076,63.4,0.3228,67.7,0.00105,0.3977,0.3149,0.2874
1527760500,0.4695,63.9,0.3263,76.8,0.00172,0.4242,0.2948,0.281
1527760800,0.4789,66.3,0.3313,72.2,0.00148,0.4262,0.2949,0.2789
1527761100,0.4737,68.5,0.332,69.9,0.00108,0.426,0.2986,0.2754
1527761400,0.4654,68.7,0.3297,81.9,0.001,0.4305,0.305,0.2646
1527761700,0.4651,68.0,0.3275,65.2,0.00155,0.4335,0.3053,0.2612
1527762000,0.4664,67.1,0.3297,78.6,0.00116,0.4331,0.3061,0.2608
1527762300,0.4609,67.1,0.3285,75.5,0.00196,0.4303,0.3067,0.263
1527762600,0.46,67.6,0.3299,77.8,0.00168,0.4285,0.3073,0.2642
1527762900,0.4627,67.0,0.3319,78.2,0.00186,0.4295,0.3081,0.2624
1527763200,0.4643,65.5,0.3314,73.4,0.00112,0.4327,0.3088,0.2585
1527763500,0.4567,65.3,0.3301,73.9,0.0018,0.4302,0.3109,0.2589
1527763800,0.4497,65.4,0.3295,74.7,0.00107,0.4266,0.3126,0.2609
1527764100,0.4526,65.9,0.3288,68.1,0.00118,0.4244,0.3083,0.2673
1527764400,0.4381,66.6,0.3276,78.1,0.00104,0.4132,0.309,0.2778
1527764700,0.4207,66.5,0.3286,72.5,0.00145,0.3998,0.3123,0.2879
1527765000,0.4346,65.5,0.3271,74.3,0.00154,0.4113,0.3096,0.2791
1527765300,0.438,67.4,0.3265,69.5,0.0011,0.4114,0.3066,0.282
1527765600,0.4294,68.3,0.3239,75.3,0.00149,0.4079,0.3077,0.2844
1527765900,0.4446,69.2,0.3259,69.7,0.00167,0.4127,0.3025,0.2848
1527766200,0.4552,69.1,0.3273,72.0,0.00148,0.4183,0.3007,0.281
1527766500,0.4554,68.3,0.3292,77.9,0.00145,0.4163,0.301,0.2827
1527766800,0.4428,67.6,0.3293,76.0,0.00123,0.4118,0.3063,0.2819
1527767100,0.4296,67.4,0.3272,82.2,0.00135,0.4048,0.3083,0.2868
1527767400,0.4311,66.6,0.3277,86.5,0.0014,0.4069,0.3093,0.2839
1527767700,0.4324,66.9,0.3284,71.2,0.00143,0.4049,0.3075,0.2877
1527768000,0.4295,66.9,0.3286,61.0,0.0012,0.4056,0.3103,0.2842
1527768300,0.4311,67.1,0.3286,75.2,0.00166,0.4053,0.3089,0.2858
1527768600,0.4352,64.7,0.3259,71.2,0.00143,0.4133,0.3095,0.2773
1527768900,0.4362,63.7,0.3262,85.2,0.00282,0.4146,0.31,0.2754
1527769200,0.4297,63.0,0.324,77.0,0.00168,0.4134,0.3117,0.2748
1527769500,0.4233,63.6,0.3235,77.8,0.00141,0.4074,0.3114,0.2812
1527769800,0.4319,64.2,0.3272,69.6,0.00104,0.4092,0.31,0.2808
1527770100,0.4354,65.2,0.3321,79.9,0.00135,0.4089,0.3119,0.2793
1527770400,0.4396,65.6,0.3305,70.6,0.00104,0.4163,0.313,0.2708
1527770700,0.4269,66.0,0.3288,70.2,0.00159,0.4107,0.3164,0.2729
1527771000,0.4269,66.2,0.3292,77.5,0.00243,0.4105,0.3166,0.2729
1527771300,0.4278,65.9,0.3285,69.1,0.00118,0.4125,0.3168,0.2707
1527771600,0.4348,66.7,0.3288,78.6,0.00128,0.4153,0.3141,0.2706
1527771900,0.4394,66.8,0.3308,72.1,0.00137,0.4154,0.3127,0.272
1527772200,0.4394,63.0,0.3269,72.9,0.00178,0.4316,0.3211,0.2472
1527772500,0.4388,61.6,0.3238,76.9,0.00105,0.4322,0.3189,0.2489
1527772800,0.4389,60.8,0.324,69.2,0.00118,0.4389,0.324,0.2371
1527773100,0.4373,60.5,0.3219,74.6,0.00116,0.4397,0.3237,0.2366
1527773400,0.44,60.2,0.3207,75.0,0.00117,0.4419,0.3221,0.236
1527773700,0.4355,61.7,0.3205,80.2,0.00107,0.4335,0.319,0.2475
1527774000,0.4415,63.4,0.3226,65.1,0.00136,0.4307,0.3147,0.2547
1527774300,0.4278,64.6,0.3223,77.1,0.00126,0.4187,0.3155,0.2658
1527774600,0.4093,65.2,0.3214,81.5,0.0012,0.403,0.3165,0.2805
1527774900,0.3572,62.1,0.3222,75.6,0.00147,0.3769,0.3399,0.2832
1527775200,0.3314,58.5,0.3199,62.0,0.00107,0.3585,0.3461,0.2954
1527775500,0.3384,55.3,0.3157,61.2,0.00151,0.3541,0.3304,0.3155
1527775800,0.3753,53.4,0.3207,77.2,0.00119,0.3636,0.3107,0.3256
1527776100,0.3629,54.6,0.3196,74.5,0.00182,0.3528,0.3107,0.3364
1527776400,0.3781,54.8,0.3285,67.7,0.00168,0.349,0.3032,0.3478
1527776700,0.3686,54.1,0.3236,74.1,0.00133,0.3385,0.2972,0.3643
1527777000,0.3317,53.3,0.3115,63.1,0.00152,0.3226,0.303,0.3744
1527777300,0.3608,52.7,0.3254,69.9,0.00148,0.3251,0.2932,0.3817
1527777600,0.3472,52.3,0.3165,63.7,0.00158,0.3154,0.2875,0.3971
1527777900,0.3683,52.4,0.327,62.6,0.00137,0.3196,0.2838,0.3966
1527778200,0.3505,52.4,0.3131,73.6,0.00111,0.3129,0.2795,0.4075
1527778500,0.3371,53.6,0.3086,67.7,0.00159,0.3121,0.2857,0.4022
1527778800,0.3612,53.3,0.3138,60.2,0.00126,0.3147,0.2734,0.4119
1527779100,0.337,53.0,0.2999,67.8,0.00103,0.2989,0.266,0.435
1527779400,0.3437,54.0,0.2975,68.8,0.00157,0.296,0.2562,0.4478
1527779700,0.3404,54.6,0.2937,63.0,0.00188,0.2837,0.2447,0.4716
1527780000,0.3514,57.9,0.3001,65.9,0.00151,0.2808,0.2398,0.4794
1527780300,0.3388,58.5,0.2934,66.5,0.00127,0.2881,0.2495,0.4624
1527780600,0.3671,59.1,0.2994,76.3,0.00107,0.304,0.2479,0.4481
1527780900,0.356,59.4,0.2972,69.8,0.00118,0.2739,0.2287,0.4975
1527781200,0.357,45.3,0.2574,64.5,0.00132,0.5504,0.3969,0.0527
1527781500,0.3605,45.4,0.2558,52.9,0.00123,0.5705,0.4048,0.0247
1527781800,0.3988,47.7,0.2649,67.1,0.0018,0.5592,0.3715,0.0693
1527782100,0.3979,51.0,0.2654,74.1,0.00106,0.5414,0.3611,0.0975
1527782400,0.3969,52.0,0.2672,71.7,0.00159,0.5334,0.3591,0.1075
1527782700,0.3854,51.6,0.261,72.4,0.00129,0.5635,0.3816,0.0549
1527783000,0.4007,53.0,0.2677,61.0,0.00132,0.5459,0.3647,0.0893
1527783300,0.3978,53.9,0.2711,68.2,0.00168,0.509,0.3469,0.1442
1527783600,0.4006,53.7,0.2744,71.5,0.00127,0.4324,0.2962,0.2714
1527783900,0.3831,54.8,0.2676,66.8,0.00115,0.4576,0.3197,0.2227
1527784200,0.3804,56.5,0.2716,74.8,0.00122,0.4435,0.3167,0.2398
1527784500,0.3875,56.3,0.2733,63.2,0.00135,0.4392,0.3097,0.2511
1527784800,0.3758,55.3,0.2706,73.4,0.00125,0.4369,0.3146,0.2484
1527785100,0.3747,55.1,0.2667,64.2,0.00131,0.4489,0.3195,0.2316
1527785400,0.3859,55.7,0.2718,78.3,0.00119,0.4398,0.3098,0.2505
1527785700,0.4089,55.5,0.2902,63.9,0.00122,0.4054,0.2877,0.3068
1527786000,0.4298,57.4,0.2966,78.0,0.00166,0.4092,0.2824,0.3085
1527786300,0.4336,59.6,0.2989,74.8,0.00107,0.4001,0.2758,0.3241
1527786600,0.4145,60.8,0.2962,65.3,0.00108,0.3804,0.2718,0.3478
1527786900,0.4205,58.7,0.2995,80.0,0.00119,0.3795,0.2703,0.3502
1527787200,0.4052,57.0,0.288,78.0,0.00115,0.3927,0.2791,0.3282
1527787500,0.4108,56.8,0.2878,71.3,0.00159,0.4097,0.287,0.3033
1527787800,0.42,56.7,0.2992,78.2,0.00194,0.3957,0.2819,0.3223
1527788100,0.4719,58.4,0.3272,76.6,0.00196,0.3871,0.2684,0.3444
1527788400,0.5118,59.1,0.3386,79.0,0.00168,0.3706,0.2452,0.3841
1527788700,0.4607,59.4,0.3224,83.0,0.00127,0.3578,0.2504,0.3918
1527789000,0.4208,60.4,0.3078,68.7,0.00118,0.3439,0.2515,0.4046
1527789300,0.4472,59.3,0.3141,64.0,0.00106,0.3578,0.2513,0.391
1527789600,0.4853,59.5,0.3328,76.1,0.00144,0.3571,0.2449,0.3981
1527789900,0.4404,59.3,0.3172,73.5,0.00136,0.3514,0.2531,0.3955
1527790200,0.4178,57.8,0.3046,66.5,0.00173,0.3491,0.2545,0.3963
1527790500,0.4556,55.3,0.3138,72.3,0.00108,0.3784,0.2606,0.361
1527790800,0.448,56.4,0.3139,78.9,0.00142,0.36,0.2523,0.3877
1527791100,0.4634,56.9,0.3168,72.9,0.00122,0.3829,0.2618,0.3553
1527791400,0.4757,55.2,0.3193,78.1,0.00117,0.3915,0.2628,0.3457
1527791700,0.444,51.7,0.303,81.9,0.00104,0.3822,0.2609,0.3569
1527792000,0.4549,55.1,0.3085,72.0,0.00151,0.3747,0.2541,0.3713
1527792300,0.4386,57.6,0.3007,77.3,0.00162,0.382,0.2619,0.356
1527792600,0.444,56.8,0.313,78.9,0.0015,0.3664,0.2583,0.3753
1527792900,0.4478,55.3,0.3133,75.4,0.00131,0.3748,0.2622,0.363
1527793200,0.4335,57.2,0.3141,73.0,0.0014,0.3476,0.2519,0.4005
1527793500,0.4026,58.0,0.3009,69.6,0.00151,0.3495,0.2612,0.3893
1527793800,0.4223,58.4,0.3035,74.6,0.00142,0.3589,0.258,0.3831
1527794100,0.4252,58.4,0.3009,83.8,0.0018,0.3643,0.2578,0.3779
1527794400,0.4161,59.5,0.3015,81.7,0.0017,0.3359,0.2434,0.4207
1527794700,0.4178,59.4,0.3009,65.0,0.00123,0.3526,0.2539,0.3935
1527795000,0.4216,62.2,0.306,71.5,0.00136,0.3402,0.2469,0.4128
1527795300,0.4245,63.4,0.3136,69.0,0.00143,0.324,0.2393,0.4367
1527795600,0.429,63.5,0.3186,70.7,0.00179,0.3228,0.2397,0.4375
1527795900,0.4164,63.1,0.3178,66.7,0.00138,0.3183,0.2429,0.4388
1527796200,0.4325,62.3,0.3179,78.6,0.00105,0.3319,0.244,0.4241
1527796500,0.4346,62.2,0.3137,65.9,0.00122,0.3392,0.2448,0.416
1527796800,0.4462,62.6,0.3212,67.0,0.00125,0.3269,0.2353,0.4377
1527797100,0.4343,61.9,0.3223,73.4,0.00162,0.3155,0.2341,0.4504
1527797400,0.4371,61.9,0.3223,85.2,0.00123,0.3232,0.2383,0.4385
1527797700,0.429,62.1,0.3179,68.1,0.0021,0.3213,0.2381,0.4405
1527798000,0.438,60.5,0.3261,77.8,0.00124,0.3215,0.2394,0.4391
1527798300,0.4334,58.2,0.3331,71.5,0.0016,0.3125,0.2402,0.4473
1527798600,0.4162,55.8,0.3391,71.0,0.00116,0.2969,0.2419,0.4613
1527798900,0.4314,55.1,0.3445,70.3,0.00109,0.3008,0.2402,0.4591
1527799200,0.4526,56.2,0.3558,83.0,0.00198,0.3061,0.2406,0.4533
1527799500,0.4504,55.2,0.3454,66.4,0.00111,0.3141,0.2409,0.445
1527799800,0.444,55.6,0.3444,73.3,0.00114,0.3081,0.239,0.4529
1527800100,0.45,55.8,0.3542,85.4,0.0011,0.3092,0.2434,0.4475
1527800400,0.4529,56.6,0.3558,80.0,0.00164,0.3101,0.2436,0.4463
1527800700,0.4469,57.6,0.3561,74.8,0.00165,0.3051,0.2431,0.4518
1527801000,0.4322,57.8,0.3454,74.6,0.00138,0.3012,0.2407,0.4581
1527801300,0.43,57.2,0.3471,74.3,0.00122,0.3031,0.2446,0.4523
1527801600,0.4238,58.6,0.3549,64.7,0.00113,0.2955,0.2475,0.457
1527801900,0.4278,59.2,0.3487,73.7,0.00142,0.2973,0.2424,0.4603
1527802200,0.4282,59.2,0.3495,75.8,0.00113,0.2944,0.2403,0.4653
1527802500,0.4159,57.9,0.3519,77.3,0.00124,0.2931,0.248,0.459
1527802800,0.4269,57.4,0.348,72.1,0.00133,0.301,0.2453,0.4537
1527803100,0.4549,56.1,0.3446,84.6,0.00107,0.3201,0.2425,0.4374
1527803400,0.437,56.1,0.3422,75.5,0.00156,0.3104,0.2431,0.4465
1527803700,0.4237,54.9,0.3339,77.2,0.00102,0.3151,0.2483,0.4366
1527804000,0.4043,55.3,0.3175,72.8,0.00108,0.3245,0.2548,0.4206
1527804300,0.419,56.9,0.3237,74.6,0.00176,0.3225,0.2492,0.4283
1527804600,0.4289,57.6,0.322,73.7,0.00196,0.3219,0.2417,0.4364
1527804900,0.423,55.7,0.3083,74.2,0.00123,0.3402,0.2479,0.4119
1527805200,0.4252,58.3,0.3053,74.9,0.00123,0.3411,0.2449,0.4139
1527805500,0.4242,59.1,0.2978,73.0,0.00141,0.3629,0.2547,0.3824
1527805800,0.4105,60.0,0.2955,82.5,0.00115,0.359,0.2584,0.3826
1527806100,0.4452,61.7,0.3027,69.0,0.0011,0.3584,0.2437,0.3978
1527806400,0.4425,63.2,0.301,72.6,0.00174,0.3684,0.2506,0.3811
1527806700,0.4338,63.2,0.2996,69.4,0.00137,0.3767,0.2602,0.3631
1527807000,0.4505,64.1,0.3022,86.7,0.00118,0.3854,0.2585,0.3561
1527807300,0.4725,65.5,0.3083,81.0,0.00161,0.3693,0.241,0.3897
1527807600,0.4657,66.0,0.3069,76.8,0.0015,0.3723,0.2453,0.3824
1527807900,0.4605,66.8,0.3081,78.6,0.00145,0.3689,0.2468,0.3843
1527808200,0.4519,66.9,0.3041,79.0,0.00172,0.3697,0.2488,0.3816
1527808500,0.4782,66.0,0.3122,86.0,0.0015,0.3649,0.2382,0.3969
1527808800,0.4782,67.5,0.3112,81.2,0.00106,0.3726,0.2425,0.3848
1527809100,0.462,66.9,0.3103,87.7,0.00262,0.3805,0.2556,0.3639
1527809400,0.4672,65.3,0.3121,86.1,0.00119,0.3698,0.247,0.3832
1527809700,0.4397,61.0,0.3083,72.5,0.00126,0.3497,0.2452,0.4051
1527810000,0.4293,63.0,0.3038,65.6,0.0011,0.348,0.2463,0.4057
1527810300,0.4519,64.1,0.31,85.1,0.00101,0.3563,0.2444,0.3993
1527810600,0.4534,64.1,0.3137,82.5,0.00133,0.3634,0.2515,0.3851
1527810900,0.4684,63.6,0.3191,72.5,0.00185,0.3594,0.2448,0.3958
1527811200,0.4714,64.0,0.3182,76.9,0.00151,0.3693,0.2493,0.3813
1527811500,0.4706,62.2,0.3151,67.9,0.00116,0.3719,0.249,0.379
1527811800,0.4577,63.0,0.315,71.9,0.00159,0.3721,0.2561,0.3718
1527812100,0.4601,62.5,0.3162,76.6,0.00137,0.3638,0.25,0.3862
1527812400,0.4401,63.1,0.3119,67.9,0.0017,0.3622,0.2567,0.3811
1527812700,0.4529,65.1,0.315,74.5,0.00138,0.3661,0.2546,0.3793
1527813000,0.4544,64.4,0.315,73.9,0.00103,0.3826,0.2652,0.3522
1527813300,0.4665,62.2,0.3181,80.0,0.00183,0.3803,0.2593,0.3605
1527813600,0.4564,61.4,0.3135,69.7,0.00113,0.3817,0.2622,0.3562
1527813900,0.4665,63.2,0.3136,71.8,0.00109,0.3927,0.264,0.3433
1527814200,0.4676,64.1,0.3167,85.5,0.00143,0.3876,0.2625,0.3498
1527814500,0.4652,62.8,0.3197,73.0,0.00128,0.3768,0.259,0.3642
1527814800,0.4643,62.1,0.3173,80.7,0.00155,0.3871,0.2645,0.3484
1527815100,0.4555,64.0,0.3148,74.9,0.00113,0.3878,0.268,0.3442
1527815400,0.4715,67.0,0.3181,78.1,0.00116,0.3864,0.2607,0.353
1527815700,0.4782,57.6,0.3151,81.2,0.00127,0.4502,0.2966,0.2532
1527816000,0.4643,59.6,0.3112,77.4,0.00128,0.4474,0.2999,0.2527
1527816300,0.4525,59.0,0.3079,78.6,0.00147,0.4627,0.3149,0.2224
1527816600,0.4631,57.6,0.3062,76.9,0.00125,0.482,0.3187,0.1993
1527816900,0.4783,56.0,0.3096,71.9,0.00125,0.4693,0.3038,0.227
1527817200,0.4827,58.2,0.3115,88.9,0.00167,0.4515,0.2914,0.2571
1527817500,0.4924,59.7,0.3119,81.2,0.00144,0.4681,0.2965,0.2353
1527817800,0.4906,59.0,0.3111,83.3,0.00152,0.4802,0.3045,0.2153
1527818100,0.4958,58.0,0.3135,81.7,0.00116,0.4768,0.3015,0.2217
1527818400,0.4963,58.2,0.3151,83.4,0.00108,0.461,0.2927,0.2463
1527818700,0.4847,58.6,0.3124,78.7,0.00181,0.4718,0.3041,0.2241
1527819000,0.4848,58.5,0.3135,76.9,0.00153,0.4614,0.2983,0.2403
1527819300,0.4437,51.2,0.3103,76.5,0.00111,0.4345,0.3039,0.2617
1527819600,0.4483,52.1,0.3104,85.7,0.00208,0.4354,0.3015,0.2631
1527819900,0.4625,51.7,0.3142,76.0,0.00124,0.4326,0.2939,0.2735
1527820200,0.4261,43.0,0.3051,73.3,0.00122,0.4649,0.3329,0.2021
1527820500,0.4348,45.7,0.3161,86.2,0.00122,0.435,0.3162,0.2488
1527820800,0.4412,46.8,0.3208,78.5,0.00107,0.4279,0.3112,0.2609
1527821100,0.4117,49.1,0.3226,71.1,0.00184,0.4054,0.3177,0.2769
1527821400,0.4415,51.2,0.3228,70.3,0.00196,0.4175,0.3053,0.2772
1527821700,0.4735,54.7,0.3286,71.0,0.00103,0.4333,0.3007,0.266
1527822000,0.4843,56.7,0.3311,80.8,0.00119,0.4449,0.3042,0.2509
1527822300,0.4813,56.6,0.3349,80.8,0.00119,0.4484,0.312,0.2396
1527822600,0.4602,52.3,0.3332,77.4,0.00131,0.4522,0.3274,0.2204
1527822900,0.4455,48.0,0.3315,71.8,0.00105,0.4525,0.3367,0.2109
1527823200,0.4386,45.6,0.3315,76.4,0.00124,0.4503,0.3403,0.2094
1527823500,0.4483,44.8,0.3311,78.6,0.00138,0.4562,0.3369,0.2069
1527823800,0.4751,44.9,0.3296,82.7,0.00112,0.4715,0.3271,0.2014
1527824100,0.4769,47.1,0.3305,90.6,0.00112,0.4709,0.3263,0.2027
1527824400,0.4736,48.1,0.3286,72.2,0.00174,0.4763,0.3305,0.1932
1527824700,0.4676,48.9,0.3296,78.0,0.00129,0.4718,0.3326,0.1956
1527825000,0.4646,48.8,0.3311,75.3,0.00137,0.4688,0.3341,0.1971
1527825300,0.4842,49.1,0.3331,74.8,0.00183,0.4786,0.3292,0.1922
1527825600,0.484,50.1,0.3322,77.5,0.00128,0.4803,0.3297,0.19
1527825900,0.4649,50.5,0.3325,74.9,0.00208,0.4705,0.3365,0.193
1527826200,0.4575,49.3,0.3327,74.0,0.00135,0.468,0.3403,0.1917
1527826500,0.4675,48.1,0.3314,73.8,0.00106,0.475,0.3367,0.1883
1527826800,0.4785,48.6,0.3305,76.0,0.00143,0.4818,0.3328,0.1854
1527827100,0.4655,48.9,0.3302,77.0,0.00115,0.4753,0.3371,0.1876
1527827400,0.4515,48.7,0.3281,81.0,0.00185,0.4696,0.3413,0.1891
1527827700,0.4614,49.1,0.3268,77.2,0.001,0.4744,0.336,0.1896
1527828000,0.4659,49.0,0.3278,77.0,0.00103,0.4758,0.3347,0.1895
1527828300,0.465,49.8,0.3306,80.8,0.00148,0.4723,0.3358,0.192
1527828600,0.4747,50.8,0.331,76.0,0.00177,0.4749,0.3312,0.1939
1527828900,0.4731,50.9,0.3315,74.4,0.00198,0.474,0.3321,0.1939
1527829200,0.4628,49.9,0.333,78.6,0.00164,0.4692,0.3376,0.1932
1527829500,0.4543,49.1,0.3319,77.5,0.00167,0.4677,0.3417,0.1905
1527829800,0.4407,47.8,0.3302,83.0,0.00163,0.4683,0.3509,0.1809
1527830100,0.4616,49.0,0.3298,84.1,0.00113,0.4788,0.3421,0.1791
1527830400,0.4696,51.2,0.3301,73.4,0.0014,0.4797,0.3372,0.183
1527830700,0.4764,52.3,0.3314,75.9,0.00168,0.4832,0.3361,0.1807
1527831000,0.4763,52.7,0.3323,74.2,0.00129,0.4829,0.3369,0.1802
1527831300,0.4777,52.5,0.3319,71.3,0.00193,0.4855,0.3373,0.1772
1527831600,0.4793,51.9,0.3321,76.4,0.00125,0.4875,0.3378,0.1747
1527831900,0.4814,51.9,0.3332,82.1,0.00158,0.4874,0.3374,0.1752
1527832200,0.4646,51.7,0.3317,68.6,0.00124,0.4784,0.3416,0.18
1527832500,0.4605,52.4,0.3294,81.6,0.00119,0.4762,0.3406,0.1832
1527832800,0.4573,52.2,0.3288,75.6,0.00176,0.4732,0.3402,0.1866
1527833100,0.4613,52.1,0.3292,81.3,0.00121,0.4729,0.3375,0.1896
1527833400,0.4659,52.0,0.3302,71.9,0.00113,0.4739,0.3359,0.1902
1527833700,0.4631,51.5,0.3299,83.3,0.0015,0.4736,0.3374,0.1891
1527834000,0.4494,50.8,0.3293,75.1,0.00169,0.4674,0.3425,0.1901
1527834300,0.4765,50.7,0.3305,83.8,0.00103,0.4798,0.3328,0.1873
1527834600,0.4765,51.5,0.33,70.9,0.00177,0.4804,0.3327,0.1869
1527834900,0.4586,51.7,0.3277,65.5,0.00106,0.4723,0.3375,0.1902
1527835200,0.4635,52.0,0.3279,78.8,0.00129,0.4727,0.3344,0.193
1527835500,0.4816,51.8,0.3292,82.8,0.00161,0.4804,0.3284,0.1913
1527835800,0.4761,52.8,0.3295,75.9,0.0014,0.4753,0.329,0.1957
1527836100,0.4721,53.3,0.331,73.0,0.00183,0.4718,0.3308,0.1974
1527836400,0.4775,53.9,0.3317,73.1,0.00112,0.4751,0.33,0.1948
1527836700,0.4822,54.0,0.3328,82.6,0.0011,0.4775,0.3295,0.193
1527837000,0.4831,53.1,0.3329,82.1,0.00174,0.4815,0.3318,0.1867
1527837300,0.4779,52.7,0.3325,81.3,0.00129,0.483,0.3361,0.1809
1527837600,0.4741,51.3,0.3313,83.4,0.00192,0.4837,0.338,0.1783
1527837900,0.4765,50.9,0.3308,73.0,0.00171,0.4851,0.3368,0.1782
1527838200,0.4692,51.4,0.3289,79.9,0.00116,0.4808,0.337,0.1821
1527838500,0.4606,52.0,0.3274,69.1,0.00159,0.4753,0.3378,0.1869
1527838800,0.4594,53.0,0.3276,77.7,0.001,0.4718,0.3364,0.1918
1527839100,0.4664,53.9,0.3282,78.7,0.00143,0.4715,0.3318,0.1967
1527839400,0.4727,54.7,0.3284,81.2,0.00138,0.4749,0.3299,0.1952
1527839700,0.4692,55.9,0.3278,78.1,0.00109,0.4722,0.3299,0.198
1527840000,0.4672,56.6,0.3281,82.4,0.00102,0.4679,0.3286,0.2036
1527840300,0.4797,56.3,0.329,77.6,0.00118,0.4725,0.3241,0.2034
1527840600,0.4816,55.8,0.3292,74.7,0.00123,0.473,0.3233,0.2037
1527840900,0.4736,55.3,0.3289,83.6,0.00135,0.4702,0.3265,0.2033
1527841200,0.4755,54.9,0.3297,75.6,0.00123,0.4709,0.3265,0.2025
1527841500,0.4754,55.3,0.3311,78.5,0.002,0.4686,0.3264,0.205
1527841800,0.4723,55.9,0.3303,71.4,0.0014,0.468,0.3273,0.2047
1527842100,0.4709,56.3,0.3298,86.4,0.00185,0.4676,0.3275,0.2049
1527842400,0.4891,56.1,0.3321,77.1,0.00162,0.4749,0.3225,0.2027
1527842700,0.4863,55.5,0.3337,75.1,0.00117,0.4733,0.3248,0.2019
1527843000,0.4778,54.9,0.3331,78.0,0.00111,0.4718,0.3289,0.1993
1527843300,0.472,54.7,0.3324,83.1,0.00131,0.4689,0.3302,0.2009
1527843600,0.4763,54.8,0.3327,79.1,0.00109,0.4715,0.3294,0.1991
1527843900,0.4758,55.0,0.3321,76.9,0.00133,0.4714,0.329,0.1996
1527844200,0.4673,55.0,0.33,82.7,0.00206,0.4703,0.3321,0.1975
1527844500,0.4622,54.9,0.3303,85.5,0.00175,0.4669,0.3337,0.1994
1527844800,0.4593,54.9,0.3293,80.4,0.00104,0.4644,0.3329,0.2027
1527845100,0.477,55.1,0.3286,78.1,0.00147,0.4727,0.3256,0.2017
1527845400,0.4785,56.0,0.3296,68.1,0.0017,0.4695,0.3234,0.207
1527845700,0.4722,57.0,0.3301,60.9,0.00166,0.4646,0.3248,0.2107
1527846000,0.4604,57.5,0.3268,72.7,0.00111,0.4611,0.3273,0.2116
1527846300,0.4517,57.8,0.3245,75.1,0.00152,0.4533,0.3256,0.2211
1527846600,0.4608,58.3,0.3276,74.0,0.00168,0.4511,0.3207,0.2283
1527846900,0.4645,60.4,0.3301,74.3,0.00113,0.4487,0.3188,0.2325
1527847200,0.4287,61.0,0.3284,71.2,0.00148,0.4291,0.3287,0.2422
1527847500,0.4751,60.8,0.331,77.9,0.00187,0.4505,0.3138,0.2357
1527847800,0.4806,61.0,0.3291,85.6,0.00112,0.4558,0.3122,0.232
1527848100,0.451,60.6,0.3273,69.8,0.00111,0.4459,0.3236,0.2306
1527848400,0.4199,59.7,0.3246,67.0,0.00137,0.4309,0.3331,0.236
1527848700,0.4219,58.9,0.3224,75.0,0.00135,0.43,0.3286,0.2413
1527849000,0.4344,59.7,0.3228,80.1,0.00116,0.4274,0.3176,0.2549
1527849300,0.427,60.9,0.3226,72.7,0.0015,0.4193,0.3168,0.2639
1527849600,0.4547,63.2,0.3272,75.2,0.001,0.428,0.308,0.2641
1527849900,0.4809,65.1,0.3307,73.3,0.00105,0.4409,0.3032,0.2558
1527850200,0.461,65.2,0.3303,74.4,0.00128,0.4334,0.3105,0.2561
1527850500,0.4463,65.3,0.3308,74.4,0.00167,0.4264,0.316,0.2576
1527850800,0.3915,63.9,0.327,76.6,0.00176,0.3964,0.3311,0.2726
1527851100,0.4436,61.7,0.3271,74.0,0.001,0.4231,0.312,0.2649
1527851400,0.4773,62.5,0.3284,72.6,0.00148,0.4377,0.3012,0.2611
1527851700,0.4332,62.4,0.3248,82.6,0.00114,0.42,0.3149,0.2652
1527852000,0.4447,62.2,0.3258,70.5,0.00149,0.4265,0.3124,0.2611
1527852300,0.4635,62.2,0.328,82.8,0.00121,0.4357,0.3083,0.256
1527852600,0.4817,62.1,0.3294,85.0,0.0013,0.4476,0.3061,0.2463
1527852900,0.4848,62.9,0.331,82.2,0.0012,0.4505,0.3076,0.2418
1527853200,0.4701,63.4,0.3308,73.1,0.00123,0.4446,0.3128,0.2426
1527853500,0.47,63.2,0.332,72.3,0.00146,0.4442,0.3138,0.242
1527853800,0.4696,63.2,0.3311,77.2,0.00142,0.4446,0.3135,0.242
1527854100,0.4515,63.7,0.3301,75.4,0.0013,0.4364,0.3191,0.2446
1527854400,0.4421,64.4,0.3293,81.1,0.00214,0.4307,0.3208,0.2486
1527854700,0.4601,65.0,0.3275,71.8,0.00144,0.4387,0.3122,0.2491
1527855000,0.4638,64.8,0.3266,80.6,0.00197,0.442,0.3112,0.2468
1527855300,0.4657,64.7,0.3275,80.0,0.00139,0.4453,0.3132,0.2415
1527855600,0.4667,64.7,0.3274,81.9,0.00119,0.4458,0.3128,0.2414
1527855900,0.4593,65.0,0.3276,77.6,0.00135,0.4399,0.3138,0.2463
1527856200,0.4691,65.1,0.3276,81.6,0.00153,0.4437,0.3099,0.2464
1527856500,0.466,65.8,0.3275,76.6,0.00178,0.4415,0.3103,0.2482
1527856800,0.4684,66.1,0.3274,73.9,0.00191,0.4442,0.3105,0.2454
1527857100,0.4819,66.1,0.3292,81.2,0.00106,0.45,0.3074,0.2426
1527857400,0.478,65.6,0.3307,78.2,0.00138,0.4479,0.3099,0.2423
1527857700,0.4712,64.7,0.3312,78.3,0.00168,0.4462,0.3137,0.2401
1527858000,0.4579,64.1,0.3292,75.9,0.00146,0.4421,0.3178,0.24
1527858300,0.4549,63.3,0.3288,78.1,0.00153,0.4418,0.3193,0.2389
1527858600,0.4628,62.9,0.3283,78.1,0.00197,0.4496,0.3189,0.2315
1527858900,0.4541,62.5,0.3279,83.7,0.00161,0.4466,0.3225,0.2309
1527859200,0.4105,61.3,0.3252,68.9,0.00121,0.4223,0.3346,0.2431
1527859500,0.3802,58.3,0.3206,63.8,0.00212,0.4026,0.3395,0.2578
1527859800,0.3589,56.4,0.3169,80.0,0.00144,0.3791,0.3347,0.2862
1527860100,0.342,55.1,0.3156,65.4,0.00117,0.3586,0.3309,0.3104
1527860400,0.338,53.4,0.3139,71.0,0.00113,0.3451,0.3205,0.3345
1527860700,0.3523,54.1,0.3137,69.3,0.00182,0.3412,0.3038,0.3551
1527861000,0.3601,54.9,0.3167,66.2,0.00117,0.3318,0.2919,0.3763
1527861300,0.3737,54.4,0.3196,71.1,0.00113,0.3307,0.2828,0.3864
1527861600,0.3834,54.8,0.3238,72.6,0.0013,0.3267,0.2759,0.3974
1527861900,0.3648,55.7,0.3178,68.3,0.00161,0.3128,0.2725,0.4148
1527862200,0.3461,55.7,0.3116,61.1,0.00223,0.2976,0.2679,0.4345
1527862500,0.3631,55.8,0.3152,72.1,0.0012,0.3022,0.2623,0.4355
1527862800,0.3434,55.8,0.3059,68.7,0.00171,0.2893,0.2577,0.4529
1527863100,0.3662,56.5,0.3099,75.7,0.0013,0.3012,0.2549,0.4439
1527863400,0.3805,58.6,0.3135,74.4,0.0011,0.3039,0.2504,0.4458
1527863700,0.3742,58.7,0.3086,66.8,0.00171,0.2976,0.2454,0.457
1527864000,0.3956,58.1,0.3135,69.6,0.00118,0.2999,0.2376,0.4625
1527864300,0.3935,58.4,0.3143,61.1,0.00174,0.2942,0.235,0.4708
1527864600,0.3797,58.6,0.3091,74.9,0.00134,0.2801,0.228,0.4919
1527864900,0.3925,59.3,0.3136,71.0,0.00164,0.2795,0.2233,0.4971
1527865200,0.4059,60.0,0.3196,71.9,0.00122,0.2772,0.2182,0.5046
1527865500,0.4142,60.3,0.3181,70.2,0.00148,0.2791,0.2143,0.5065
1527865800,0.3873,59.5,0.3076,68.5,0.00107,0.2672,0.2122,0.5205
1527866100,0.3985,54.3,0.3018,71.8,0.00116,0.2915,0.2207,0.4878
1527866400,0.4264,54.8,0.3222,81.1,0.00147,0.281,0.2123,0.5067
1527866700,0.4703,43.6,0.3133,87.5,0.00153,0.3874,0.2581,0.3545
1527867000,0.4988,47.1,0.3363,78.0,0.00214,0.3659,0.2467,0.3873
1527867300,0.5058,47.2,0.3557,79.5,0.00146,0.3464,0.2436,0.41
1527867600,0.5394,47.6,0.3696,82.4,0.00227,0.3573,0.2448,0.3979
1527867900,0.5092,47.3,0.3583,81.0,0.00129,0.3463,0.2437,0.41
1527868200,0.5185,45.6,0.3623,83.1,0.00172,0.3508,0.2451,0.404
1527868500,0.4791,45.6,0.354,82.8,0.00149,0.328,0.2424,0.4296
1527868800,0.4826,45.7,0.3481,81.4,0.00104,0.3224,0.2326,0.445
1527869100,0.4992,45.7,0.3591,82.1,0.00133,0.3257,0.2343,0.4401
1527869400,0.4884,46.6,0.3529,85.9,0.00174,0.3207,0.2317,0.4476
1527869700,0.5363,47.3,0.3645,92.8,0.00274,0.3345,0.2273,0.4382
1527870000,0.5018,47.0,0.352,85.2,0.0016,0.3289,0.2307,0.4403
1527870300,0.5202,46.7,0.3673,81.0,0.00183,0.3272,0.231,0.4418
1527870600,0.5322,46.3,0.3682,94.5,0.00201,0.3412,0.2361,0.4227
1527870900,0.5272,46.3,0.3739,84.1,0.00212,0.333,0.2362,0.4309
1527871200,0.5048,45.9,0.3759,83.7,0.00121,0.3267,0.2433,0.43
1527871500,0.5167,45.6,0.3822,90.5,0.00154,0.329,0.2433,0.4277
1527871800,0.4972,44.8,0.3691,79.9,0.00128,0.3311,0.2458,0.4232
1527872100,0.4981,44.7,0.3757,81.0,0.00164,0.3237,0.2442,0.4321
1527872400,0.4854,44.0,0.3739,84.8,0.00106,0.3216,0.2477,0.4307
1527872700,0.4928,43.3,0.3733,87.5,0.00125,0.3256,0.2466,0.4278
1527873000,0.4686,42.3,0.3583,77.0,0.00109,0.3294,0.2518,0.4188
1527873300,0.4691,43.3,0.3711,74.0,0.00123,0.3197,0.2529,0.4274
1527873600,0.4803,44.3,0.3796,77.9,0.0012,0.3144,0.2485,0.4371
1527873900,0.4711,45.2,0.3764,74.8,0.00142,0.3055,0.2441,0.4504
1527874200,0.4868,45.6,0.3736,82.5,0.00132,0.3134,0.2406,0.446
1527874500,0.4902,46.0,0.3765,75.5,0.00108,0.3122,0.2398,0.448
1527874800,0.4979,45.6,0.3886,91.5,0.0014,0.3137,0.2448,0.4415
1527875100,0.4753,45.7,0.3812,84.9,0.00141,0.3071,0.2463,0.4466
1527875400,0.4825,45.0,0.3739,82.5,0.00123,0.3128,0.2424,0.4449
1527875700,0.4955,45.3,0.3771,77.8,0.00149,0.3182,0.2422,0.4396
1527876000,0.4895,44.8,0.3699,79.8,0.00106,0.321,0.2425,0.4365
1527876300,0.4916,44.7,0.3703,81.5,0.00121,0.3208,0.2417,0.4375
1527876600,0.4974,45.1,0.3635,74.3,0.00171,0.3344,0.2444,0.4213
1527876900,0.5091,43.4,0.3622,85.9,0.0016,0.3406,0.2423,0.4172
1527877200,0.5043,44.3,0.3631,77.9,0.00159,0.3379,0.2433,0.4188
1527877500,0.4978,43.6,0.3517,77.2,0.00111,0.3438,0.2429,0.4133
1527877800,0.5077,45.0,0.3608,73.3,0.00133,0.339,0.2409,0.4201
1527878100,0.4984,46.2,0.3524,78.2,0.00126,0.3386,0.2394,0.422
1527878400,0.5198,47.3,0.3507,86.6,0.00209,0.3464,0.2337,0.4199
1527878700,0.5151,47.7,0.3422,88.0,0.00196,0.3476,0.2309,0.4215
1527879000,0.5263,49.0,0.3479,74.1,0.00199,0.3416,0.2258,0.4326
1527879300,0.5231,48.3,0.3451,79.5,0.00194,0.3399,0.2243,0.4358
1527879600,0.5145,48.4,0.3493,74.0,0.00165,0.3326,0.2258,0.4417
1527879900,0.4878,48.6,0.3432,78.1,0.00204,0.3246,0.2284,0.447
1527880200,0.4928,48.1,0.3347,74.0,0.00152,0.3259,0.2214,0.4527
1527880500,0.5176,48.6,0.3499,79.9,0.00202,0.3388,0.2291,0.4321
1527880800,0.4977,48.6,0.3455,75.5,0.00125,0.3371,0.234,0.4289
1527881100,0.4982,49.6,0.3614,79.8,0.00107,0.325,0.2358,0.4392
1527881400,0.4733,49.1,0.3566,79.6,0.00247,0.3176,0.2393,0.443
1527881700,0.4932,49.2,0.3668,85.5,0.00174,0.3248,0.2416,0.4336
1527882000,0.4795,48.9,0.3677,83.4,0.00138,0.3201,0.2455,0.4344
1527882300,0.5006,49.6,0.3741,80.2,0.00106,0.3276,0.2448,0.4276
1527882600,0.4594,49.6,0.3653,74.3,0.00104,0.3105,0.2469,0.4426
1527882900,0.4539,49.5,0.3618,70.3,0.00118,0.3089,0.2462,0.4449
1527883200,0.4619,48.8,0.3523,76.9,0.00107,0.3176,0.2423,0.4401
1527883500,0.5053,49.3,0.3668,69.5,0.00133,0.3305,0.2399,0.4296
1527883800,0.5084,49.4,0.363,81.8,0.00138,0.3323,0.2373,0.4304
1527884100,0.5261,49.6,0.3698,81.1,0.00198,0.3369,0.2368,0.4263
1527884400,0.5054,49.0,0.369,77.9,0.00127,0.3278,0.2393,0.4329
1527884700,0.5153,49.5,0.375,79.2,0.00225,0.328,0.2387,0.4332
1527885000,0.4865,49.5,0.361,78.3,0.0014,0.3172,0.2354,0.4474
1527885300,0.4829,48.8,0.3708,72.8,0.00115,0.3088,0.2371,0.454
1527885600,0.4883,48.3,0.3749,81.0,0.00168,0.3126,0.24,0.4474
1527885900,0.4901,48.3,0.3733,87.1,0.00123,0.3173,0.2417,0.4411
1527886200,0.4789,48.0,0.3658,83.4,0.00157,0.3159,0.2413,0.4429
1527886500,0.4946,47.4,0.3733,80.0,0.0016,0.3207,0.2421,0.4372
1527886800,0.4852,48.0,0.3664,71.1,0.00136,0.3193,0.2411,0.4396
1527887100,0.469,45.8,0.3522,81.6,0.0012,0.3218,0.2417,0.4365
1527887400,0.4862,46.6,0.3669,82.2,0.001,0.3278,0.2474,0.4248
1527887700,0.4748,47.1,0.3726,72.8,0.00106,0.3237,0.254,0.4224
1527888000,0.4736,47.8,0.3792,75.6,0.00143,0.3177,0.2544,0.4279
1527888300,0.4783,48.5,0.3765,82.0,0.00121,0.3199,0.2518,0.4283
1527888600,0.493,48.6,0.3771,81.7,0.0013,0.3275,0.2505,0.4219
1527888900,0.4941,48.7,0.3796,73.0,0.00103,0.3278,0.2518,0.4204
1527889200,0.4908,48.6,0.3761,79.0,0.00134,0.3284,0.2516,0.42
1527889500,0.4975,47.9,0.3784,75.6,0.00117,0.3298,0.2509,0.4193
1527889800,0.4969,46.5,0.3741,79.6,0.00101,0.3596,0.2707,0.3697
1527890100,0.498,46.5,0.3722,79.8,0.0012,0.3582,0.2677,0.374
1527890400,0.5087,45.7,0.3713,82.8,0.00151,0.3637,0.2654,0.3709
1527890700,0.5247,46.3,0.38,90.6,0.00175,0.3686,0.2669,0.3645
1527891000,0.5192,46.3,0.3699,81.3,0.00161,0.3724,0.2653,0.3623
1527891300,0.5233,46.3,0.3711,75.0,0.00194,0.3743,0.2654,0.3603
1527891600,0.512,46.8,0.361,77.9,0.00201,0.3782,0.2667,0.3552
1527891900,0.5093,47.7,0.3615,78.7,0.00145,0.3694,0.2622,0.3684
1527892200,0.5081,49.2,0.3619,78.8,0.00152,0.3619,0.2578,0.3803
1527892500,0.4972,49.8,0.3542,81.0,0.00112,0.3592,0.2559,0.385
1527892800,0.4908,49.9,0.3429,82.0,0.00106,0.3609,0.2521,0.3869
1527893100,0.5015,49.8,0.3393,73.7,0.00147,0.3755,0.254,0.3705
1527893400,0.493,51.1,0.3229,85.5,0.00115,0.3892,0.2549,0.3559
1527893700,0.5003,53.6,0.3271,82.2,0.00129,0.3881,0.2537,0.3582
1527894000,0.4792,53.1,0.3122,77.9,0.00119,0.3841,0.2502,0.3657
1527894300,0.4812,53.5,0.3128,77.5,0.00123,0.3938,0.256,0.3502
1527894600,0.469,51.6,0.3066,78.7,0.00109,0.4106,0.2684,0.321
1527894900,0.4778,52.5,0.3023,76.2,0.00148,0.4247,0.2687,0.3066
1527895200,0.4747,54.4,0.3043,81.1,0.00129,0.4308,0.2761,0.2931
1527895500,0.498,57.8,0.3122,79.1,0.00146,0.4324,0.2711,0.2965
1527895800,0.5056,57.9,0.3158,79.5,0.00169,0.4175,0.2608,0.3217
1527896100,0.5014,56.8,0.3069,83.0,0.00162,0.4361,0.2669,0.297
1527896400,0.4886,58.1,0.305,81.9,0.00119,0.4366,0.2725,0.2909
1527896700,0.495,58.9,0.3116,86.0,0.00135,0.4243,0.2671,0.3086
1527897000,0.4838,58.3,0.3058,94.6,0.00121,0.4287,0.271,0.3004
1527897300,0.4864,57.6,0.3086,83.8,0.00143,0.4105,0.2604,0.3291
1527897600,0.4912,57.6,0.3004,83.4,0.00191,0.4314,0.2639,0.3047
1527897900,0.5147,55.4,0.3245,80.9,0.00146,0.4201,0.2648,0.3151
1527898200,0.5009,54.8,0.3226,77.9,0.00108,0.4166,0.2683,0.315
1527898500,0.5054,54.2,0.3258,80.3,0.00129,0.4198,0.2706,0.3096
1527898800,0.4911,53.8,0.3217,81.0,0.00133,0.4136,0.271,0.3154
1527899100,0.4952,53.1,0.3168,76.0,0.00191,0.4391,0.2809,0.28
1527899400,0.4893,52.5,0.316,79.3,0.0015,0.4184,0.2702,0.3113
1527899700,0.4842,52.6,0.3174,75.6,0.00166,0.4224,0.2769,0.3006
1527900000,0.4816,52.5,0.3199,75.4,0.00178,0.4075,0.2707,0.3218
1527900300,0.4901,50.8,0.3243,65.9,0.00142,0.4251,0.2813,0.2936
1527900600,0.4907,50.3,0.3202,73.4,0.0014,0.4273,0.2788,0.2939
1527900900,0.5003,50.4,0.3233,80.9,0.00141,0.43,0.2779,0.2922
1527901200,0.4949,51.1,0.3167,65.5,0.00133,0.4378,0.2802,0.282
1527901500,0.5053,53.2,0.3221,77.5,0.0017,0.421,0.2684,0.3106
1527901800,0.4865,55.0,0.3155,87.6,0.00138,0.4198,0.2722,0.308
1527902100,0.4702,55.8,0.3107,76.1,0.00184,0.4095,0.2706,0.3199
1527902400,0.4985,54.2,0.3201,87.7,0.00169,0.4233,0.2718,0.3049
1527902700,0.5018,53.2,0.3152,76.9,0.00149,0.4274,0.2684,0.3042
1527903000,0.5055,54.3,0.3146,90.1,0.00133,0.433,0.2695,0.2975
1527903300,0.4975,53.3,0.317,83.5,0.00133,0.4193,0.2672,0.3135
1527903600,0.5019,55.1,0.3143,73.9,0.00235,0.4322,0.2706,0.2972
1527903900,0.4954,54.8,0.3098,74.2,0.0012,0.4461,0.2789,0.275
1527904200,0.4931,53.6,0.3108,85.9,0.00108,0.4522,0.285,0.2627
1527904500,0.506,53.6,0.3221,79.6,0.0019,0.4431,0.2821,0.2748
1527904800,0.4866,53.4,0.3166,86.5,0.00188,0.4433,0.2884,0.2683
1527905100,0.4883,53.0,0.3213,75.6,0.00129,0.4299,0.2829,0.2872
1527905400,0.5005,51.0,0.3232,72.6,0.00205,0.4302,0.2778,0.292
1527905700,0.4782,49.4,0.3156,79.5,0.00149,0.4215,0.2782,0.3003
1527906000,0.4787,49.8,0.3173,74.0,0.00138,0.4152,0.2752,0.3096
1527906300,0.473,49.8,0.3225,87.8,0.00153,0.4015,0.2737,0.3248
1527906600,0.4203,45.1,0.3118,76.3,0.00124,0.4316,0.3202,0.2481
1527906900,0.4271,46.4,0.3203,70.5,0.00162,0.4049,0.3037,0.2914
1527907200,0.4188,47.8,0.3216,81.4,0.00148,0.3948,0.3032,0.302
1527907500,0.4338,48.9,0.3271,73.9,0.00146,0.3932,0.2965,0.3103
1527907800,0.4384,47.2,0.3271,75.6,0.00133,0.3984,0.2973,0.3043
1527908100,0.4442,47.3,0.3268,79.2,0.00152,0.4015,0.2954,0.3031
1527908400,0.4446,47.1,0.3278,79.9,0.00127,0.3985,0.2938,0.3077
1527908700,0.436,40.0,0.3241,81.5,0.00114,0.4159,0.3091,0.275
1527909000,0.4343,41.1,0.3267,76.2,0.00144,0.4141,0.3115,0.2744
1527909300,0.426,41.0,0.3279,80.6,0.00106,0.4086,0.3145,0.277
1527909600,0.4437,42.1,0.3315,74.0,0.00103,0.416,0.3108,0.2732
1527909900,0.4348,42.7,0.3307,68.9,0.00127,0.4139,0.3148,0.2713
1527910200,0.4333,42.5,0.3289,79.4,0.00103,0.4152,0.3152,0.2697
1527910500,0.4297,42.6,0.3295,71.8,0.00112,0.4119,0.3158,0.2723
1527910800,0.4321,42.2,0.3296,73.1,0.00168,0.4137,0.3155,0.2708
1527911100,0.444,41.7,0.3313,76.5,0.00101,0.4197,0.3131,0.2672
1527911400,0.4372,41.4,0.3298,71.2,0.00103,0.4199,0.3167,0.2634
1527911700,0.4081,41.6,0.3302,75.5,0.00161,0.4037,0.3266,0.2697
1527912000,0.4043,41.4,0.3293,69.1,0.00162,0.4026,0.3279,0.2696
1527912300,0.3869,41.5,0.3278,65.5,0.00234,0.3914,0.3316,0.277
1527912600,0.3906,41.7,0.3285,65.3,0.00132,0.3888,0.327,0.2842
1527912900,0.3963,42.1,0.3274,71.1,0.00131,0.3941,0.3256,0.2803
1527913200,0.3967,42.4,0.3268,71.8,0.00146,0.3931,0.3238,0.2831
1527913500,0.4237,42.8,0.3271,76.6,0.00122,0.4039,0.3118,0.2843
1527913800,0.4756,46.0,0.3277,75.1,0.00131,0.4282,0.295,0.2768
1527914100,0.4855,49.9,0.3336,81.1,0.0016,0.4281,0.2941,0.2778
1527914400,0.4807,51.6,0.336,83.9,0.00134,0.4296,0.3003,0.2701
1527914700,0.4788,51.6,0.3362,72.9,0.00165,0.4334,0.3043,0.2623
1527915000,0.4682,50.8,0.3363,81.5,0.00115,0.4327,0.3108,0.2565
1527915300,0.4743,50.2,0.3346,78.5,0.00121,0.4399,0.3103,0.2499
1527915600,0.4829,49.1,0.3281,76.1,0.00146,0.458,0.3112,0.2309
1527915900,0.4681,50.0,0.3302,71.2,0.00114,0.449,0.3167,0.2343
1527916200,0.4751,50.9,0.3302,74.5,0.00101,0.4512,0.3136,0.2352
1527916500,0.4746,51.9,0.3322,78.6,0.00112,0.4499,0.3149,0.2352
1527916800,0.4802,52.3,0.334,82.9,0.00104,0.4528,0.315,0.2322
1527917100,0.4885,52.0,0.3345,79.2,0.00177,0.4593,0.3145,0.2262
1527917400,0.4798,51.9,0.3338,68.5,0.00184,0.4572,0.3181,0.2247
1527917700,0.4791,52.0,0.3339,86.1,0.0013,0.4564,0.3181,0.2256
1527918000,0.4812,52.3,0.3341,81.5,0.00183,0.4585,0.3184,0.2231
1527918300,0.4764,52.1,0.3333,64.9,0.00108,0.4571,0.3198,0.2231
1527918600,0.4752,52.2,0.3325,75.4,0.00145,0.456,0.3191,0.2249
1527918900,0.4686,53.1,0.3319,79.7,0.00164,0.4498,0.3186,0.2316
1527919200,0.4719,53.8,0.3311,75.2,0.0011,0.4522,0.3173,0.2306
1527919500,0.4716,54.5,0.336,81.9,0.00124,0.448,0.3192,0.2328
1527919800,0.473,54.3,0.3347,77.3,0.00144,0.452,0.3198,0.2282
1527920100,0.4839,53.7,0.3329,76.3,0.00123,0.4585,0.3155,0.226
1527920400,0.4853,53.8,0.3329,74.6,0.00193,0.4577,0.3139,0.2284
1527920700,0.4794,53.2,0.3334,78.8,0.00175,0.4551,0.3165,0.2283
1527921000,0.4823,52.6,0.3321,81.8,0.001,0.4586,0.3158,0.2256
1527921300,0.4872,52.6,0.3326,65.6,0.00173,0.4588,0.3132,0.228
1527921600,0.4748,52.6,0.3318,80.7,0.00211,0.4516,0.3156,0.2329
1527921900,0.4769,52.9,0.3321,76.5,0.00179,0.4534,0.3157,0.2309
1527922200,0.4862,52.8,0.334,78.1,0.0017,0.4542,0.312,0.2338
1527922500,0.4861,52.9,0.3335,84.2,0.00119,0.4534,0.3111,0.2355
1527922800,0.4721,53.2,0.3325,74.2,0.00221,0.4469,0.3148,0.2383
1527923100,0.4728,52.7,0.332,78.4,0.00134,0.4466,0.3136,0.2398
1527923400,0.4744,52.0,0.3314,72.3,0.0019,0.4498,0.3142,0.236
1527923700,0.4633,52.0,0.3304,72.3,0.00122,0.4447,0.3172,0.2381
1527924000,0.4615,50.8,0.3291,65.9,0.00132,0.448,0.3195,0.2325
1527924300,0.4919,51.9,0.3322,71.7,0.00104,0.4585,0.3096,0.2318
1527924600,0.4896,52.9,0.3323,74.4,0.00128,0.4571,0.3103,0.2326
1527924900,0.491,52.9,0.3315,76.7,0.00128,0.4615,0.3116,0.2269
1527925200,0.49,52.3,0.3301,78.4,0.0014,0.4633,0.3121,0.2246
1527925500,0.4944,52.4,0.3325,84.2,0.00149,0.4646,0.3124,0.223
1527925800,0.4881,52.1,0.334,83.0,0.00129,0.4593,0.3143,0.2265
1527926100,0.4928,52.5,0.3334,78.0,0.00149,0.4614,0.3122,0.2264
1527926400,0.4877,53.1,0.3353,79.1,0.00112,0.4561,0.3136,0.2303
1527926700,0.4917,53.5,0.335,80.1,0.00102,0.4571,0.3114,0.2314
1527927000,0.4948,53.5,0.335,85.2,0.00123,0.4593,0.311,0.2297
1527927300,0.4927,51.8,0.3333,78.3,0.00131,0.4632,0.3134,0.2234
1527927600,0.4868,51.4,0.3295,76.7,0.00138,0.4662,0.3155,0.2183
1527927900,0.4794,51.5,0.3289,77.3,0.00153,0.4609,0.3162,0.2229
1527928200,0.4744,51.9,0.3283,77.6,0.00154,0.4572,0.3164,0.2264
1527928500,0.4774,53.1,0.3302,82.3,0.00117,0.4546,0.3144,0.231
1527928800,0.4863,54.6,0.3325,73.8,0.00124,0.4553,0.3113,0.2335
1527929100,0.4809,55.0,0.3332,75.5,0.00102,0.4511,0.3126,0.2363
1527929400,0.4777,55.0,0.3325,72.6,0.00153,0.4512,0.3141,0.2347
1527929700,0.4767,53.7,0.3324,77.2,0.00148,0.4525,0.3155,0.2321
1527930000,0.4765,53.0,0.3312,91.8,0.00164,0.4529,0.3148,0.2323
1527930300,0.4776,52.5,0.3321,75.8,0.00132,0.4506,0.3133,0.2361
1527930600,0.4724,51.5,0.3307,78.5,0.00108,0.4542,0.3179,0.2279
1527930900,0.4759,51.2,0.3328,76.0,0.00137,0.4536,0.3172,0.2293
1527931200,0.4756,50.8,0.3333,75.2,0.00104,0.4546,0.3186,0.2268
1527931500,0.4778,50.0,0.3327,81.3,0.00145,0.4578,0.3188,0.2235
1527931800,0.4737,49.4,0.3339,88.9,0.00106,0.4549,0.3206,0.2245
1527932100,0.4722,49.0,0.3327,83.1,0.00116,0.4536,0.3196,0.2267
1527932400,0.4692,49.5,0.3313,78.1,0.00177,0.4514,0.3187,0.2299
1527932700,0.4651,50.2,0.3309,81.3,0.00102,0.4473,0.3182,0.2345
1527933000,0.4662,51.1,0.3314,79.2,0.00148,0.4478,0.3183,0.2338
1527933300,0.4636,52.3,0.3313,84.5,0.00121,0.4437,0.3171,0.2393
1527933600,0.4561,53.4,0.3295,78.4,0.00127,0.4385,0.3168,0.2446
1527933900,0.4293,54.3,0.3267,76.6,0.00173,0.4195,0.3193,0.2612
1527934200,0.4644,54.0,0.3255,83.3,0.00124,0.4352,0.305,0.2598
1527934500,0.4795,55.7,0.3267,74.3,0.00102,0.4389,0.299,0.262
1527934800,0.4698,56.8,0.3282,77.1,0.0012,0.431,0.3011,0.2679
1527935100,0.471,56.8,0.3277,73.2,0.00106,0.4318,0.3004,0.2678
1527935400,0.4644,56.8,0.3277,73.7,0.00156,0.4281,0.3021,0.2699
1527935700,0.4574,56.9,0.3274,73.6,0.00133,0.4232,0.3029,0.2739
1527936000,0.4583,57.1,0.3259,74.8,0.00119,0.4231,0.3009,0.276
1527936300,0.4637,57.5,0.3275,70.0,0.00137,0.4225,0.2984,0.2791
1527936600,0.4607,58.3,0.3274,77.3,0.00107,0.4219,0.2999,0.2782
1527936900,0.4562,59.2,0.3283,76.4,0.00205,0.4176,0.3006,0.2818
1527937200,0.4582,59.0,0.33,75.0,0.00126,0.4188,0.3016,0.2797
1527937500,0.4471,59.1,0.3294,73.5,0.00111,0.4147,0.3055,0.2798
1527937800,0.454,59.0,0.3276,81.8,0.0016,0.4213,0.304,0.2748
1527938100,0.458,59.4,0.3276,76.3,0.00139,0.4215,0.3015,0.277
1527938400,0.4616,59.8,0.3276,77.4,0.00172,0.422,0.2995,0.2785
1527938700,0.4609,59.8,0.3291,78.9,0.00148,0.42,0.2999,0.2801
1527939000,0.4234,58.7,0.3242,71.4,0.00138,0.4065,0.3113,0.2823
1527939300,0.4504,58.9,0.324,79.1,0.00173,0.4175,0.3003,0.2821
1527939600,0.4534,58.0,0.3203,85.6,0.00111,0.4266,0.3013,0.2721
1527939900,0.4563,60.0,0.3236,66.1,0.00105,0.4192,0.2973,0.2835
1527940200,0.466,61.5,0.3275,70.8,0.0013,0.4184,0.2941,0.2875
1527940500,0.4728,62.0,0.3299,79.3,0.00126,0.4199,0.293,0.2871
1527940800,0.4748,61.2,0.3306,83.4,0.00126,0.4209,0.2931,0.2861
1527941100,0.4443,58.9,0.3326,75.8,0.00168,0.4055,0.3036,0.291
1527941400,0.441,56.8,0.3276,72.8,0.00122,0.415,0.3083,0.2767
1527941700,0.4544,54.5,0.3245,74.2,0.00134,0.4276,0.3053,0.2671
1527942000,0.4524,56.7,0.3249,79.0,0.0015,0.4192,0.301,0.2798
1527942300,0.4457,57.5,0.323,79.2,0.00143,0.4099,0.2971,0.293
1527942600,0.4522,57.3,0.3268,76.3,0.00126,0.4092,0.2958,0.295
1527942900,0.4382,58.5,0.3276,77.2,0.00188,0.3995,0.2987,0.3018
1527943200,0.426,58.7,0.3277,80.7,0.00103,0.3914,0.3011,0.3074
1527943500,0.4572,58.1,0.3282,79.5,0.00121,0.4045,0.2903,0.3052
1527943800,0.4765,59.4,0.3299,80.5,0.00114,0.415,0.2873,0.2977
1527944100,0.4775,61.6,0.3319,78.6,0.0015,0.4157,0.2889,0.2954
1527944400,0.4773,62.6,0.3343,80.1,0.00183,0.4151,0.2907,0.2942
1527944700,0.468,60.2,0.3317,78.7,0.001,0.4269,0.3026,0.2705
1527945000,0.4627,58.4,0.329,67.6,0.00151,0.4299,0.3057,0.2644
1527945300,0.4431,57.6,0.3262,74.2,0.00134,0.4197,0.309,0.2713
1527945600,0.406,56.8,0.3219,71.3,0.00144,0.3968,0.3146,0.2886
1527945900,0.362,54.8,0.3188,69.8,0.00152,0.3599,0.3169,0.3232
1527946200,0.3443,51.2,0.314,65.9,0.00146,0.3442,0.3139,0.3419
1527946500,0.3437,48.8,0.3155,70.5,0.00123,0.3367,0.309,0.3543
1527946800,0.3458,50.5,0.3121,69.7,0.00116,0.3292,0.2971,0.3736
1527947100,0.3326,51.3,0.3138,64.2,0.00119,0.3101,0.2926,0.3973
1527947400,0.3482,54.1,0.3079,67.0,0.00155,0.3102,0.2743,0.4156
1527947700,0.3511,55.2,0.3061,76.1,0.00153,0.301,0.2624,0.4366
1527948000,0.3707,55.8,0.312,65.6,0.00129,0.2994,0.252,0.4486
1527948300,0.3745,56.7,0.313,73.3,0.00135,0.3002,0.2509,0.4489
1527948600,0.4005,57.6,0.3188,63.9,0.00209,0.3034,0.2415,0.4551
1527948900,0.4025,56.8,0.3302,74.2,0.00145,0.2972,0.2438,0.459
1527949200,0.4079,55.5,0.3339,73.0,0.00139,0.3,0.2455,0.4545
1527949500,0.4119,54.8,0.3406,67.3,0.00126,0.298,0.2464,0.4557
1527949800,0.4052,54.5,0.3352,74.2,0.00155,0.2925,0.242,0.4655
1527950100,0.4157,54.6,0.3413,71.7,0.00111,0.2904,0.2385,0.4711
1527950400,0.4358,55.3,0.342,77.3,0.00173,0.2972,0.2332,0.4695
1527950700,0.4322,55.8,0.3365,76.4,0.00125,0.294,0.2289,0.4771
1527951000,0.4583,56.2,0.3465,81.9,0.00141,0.3025,0.2287,0.4687
1527951300,0.4757,49.9,0.3137,72.4,0.00114,0.3607,0.2378,0.4015
1527951600,0.4784,43.2,0.3285,83.6,0.00167,0.3942,0.2707,0.3352
1527951900,0.4628,46.7,0.3182,73.0,0.00111,0.3857,0.2652,0.3491
1527952200,0.4753,48.0,0.3269,84.3,0.0017,0.3702,0.2546,0.3751
1527952500,0.48,49.2,0.3217,79.5,0.00111,0.3583,0.2401,0.4016
1527952800,0.4918,49.0,0.3228,81.5,0.00163,0.3679,0.2415,0.3906
1527953100,0.4933,48.3,0.3237,74.6,0.0012,0.3579,0.2349,0.4072
1527953400,0.4925,49.5,0.3279,85.7,0.00115,0.3397,0.2262,0.4342
1527953700,0.4895,50.5,0.3263,81.9,0.00119,0.3414,0.2276,0.4311
1527954000,0.5026,51.5,0.3277,77.7,0.00155,0.3422,0.2231,0.4347
1527954300,0.5033,53.1,0.3257,75.8,0.0013,0.3459,0.2239,0.4302
1527954600,0.5113,56.5,0.3257,74.2,0.00158,0.341,0.2172,0.4417
1527954900,0.5349,57.1,0.329,77.7,0.0022,0.3608,0.2219,0.4173
1527955200,0.5246,58.2,0.327,70.9,0.00209,0.3642,0.227,0.4087
1527955500,0.5009,58.4,0.3239,81.9,0.00114,0.3505,0.2267,0.4228
1527955800,0.5074,56.9,0.3291,78.9,0.00179,0.358,0.2322,0.4099
1527956100,0.5177,55.3,0.3377,79.8,0.00206,0.3631,0.2369,0.4
1527956400,0.5247,52.5,0.3409,84.8,0.00194,0.3568,0.2318,0.4114
1527956700,0.5003,51.9,0.3312,85.5,0.0012,0.3463,0.2292,0.4245
1527957000,0.4988,53.7,0.3325,76.7,0.00125,0.3429,0.2286,0.4285
1527957300,0.4815,53.1,0.328,70.3,0.00149,0.3502,0.2386,0.4112
1527957600,0.4782,52.3,0.3269,81.7,0.00131,0.3557,0.2432,0.4012
1527957900,0.4812,52.6,0.3303,77.1,0.00107,0.3432,0.2356,0.4212
1527958200,0.4634,53.6,0.3188,78.5,0.00228,0.3435,0.2363,0.4202
1527958500,0.4775,53.4,0.3357,80.7,0.0011,0.3263,0.2294,0.4442
1527958800,0.4957,51.6,0.3474,73.5,0.00146,0.3254,0.228,0.4466
1527959100,0.5048,51.8,0.3467,70.5,0.00151,0.3302,0.2268,0.443
1527959400,0.5069,52.2,0.3537,83.9,0.00164,0.3279,0.2288,0.4433
1527959700,0.4834,50.4,0.3461,84.7,0.00112,0.3237,0.2317,0.4446
1527960000,0.4838,49.3,0.3435,74.6,0.00149,0.3208,0.2278,0.4515
1527960300,0.4621,48.6,0.3321,80.4,0.00132,0.3082,0.2215,0.4703
1527960600,0.4544,48.7,0.3304,79.4,0.001,0.306,0.2225,0.4714
1527960900,0.4573,50.9,0.3291,75.7,0.00152,0.3018,0.2172,0.481
1527961200,0.4395,50.3,0.3235,76.3,0.00208,0.2951,0.2172,0.4876
1527961500,0.4883,49.4,0.3452,79.6,0.0015,0.3388,0.2395,0.4217
1527961800,0.5001,50.2,0.3431,80.4,0.00127,0.3422,0.2347,0.4231
1527962100,0.4944,49.6,0.3451,80.3,0.00109,0.3386,0.2364,0.425
1527962400,0.4974,50.1,0.3478,85.6,0.00106,0.3358,0.2348,0.4294
1527962700,0.4892,51.5,0.3439,78.7,0.00134,0.3365,0.2366,0.4269
1527963000,0.5199,52.0,0.3589,86.2,0.00179,0.3429,0.2367,0.4203
1527963300,0.4908,51.9,0.3593,80.3,0.00137,0.3284,0.2404,0.4311
1527963600,0.4889,51.1,0.3509,77.8,0.00145,0.3295,0.2365,0.4341
1527963900,0.5165,51.0,0.3535,82.2,0.00208,0.3383,0.2315,0.4302
1527964200,0.4734,51.2,0.3353,83.4,0.00144,0.3341,0.2366,0.4293
1527964500,0.5111,51.7,0.3568,79.4,0.00215,0.3431,0.2395,0.4174
1527964800,0.5037,51.9,0.3491,72.7,0.00135,0.3431,0.2378,0.4191
1527965100,0.4983,51.4,0.3408,74.4,0.00112,0.3417,0.2337,0.4245
1527965400,0.4909,52.2,0.3428,71.5,0.00118,0.3411,0.2382,0.4208
1527965700,0.4822,53.5,0.3397,84.3,0.00139,0.3293,0.232,0.4387
1527966000,0.4716,52.6,0.3471,74.8,0.00147,0.3212,0.2364,0.4425
1527966300,0.4716,51.6,0.3576,74.1,0.00113,0.3262,0.2474,0.4264
1527966600,0.4778,51.2,0.3588,71.1,0.00155,0.3266,0.2453,0.4281
1527966900,0.4632,49.7,0.3443,74.0,0.00143,0.3257,0.2421,0.4322
1527967200,0.4423,48.4,0.3321,69.4,0.00135,0.3358,0.2521,0.4121
1527967500,0.4449,49.3,0.3296,79.0,0.00116,0.3325,0.2463,0.4212
1527967800,0.4535,50.3,0.3368,77.7,0.00153,0.3331,0.2474,0.4195
1527968100,0.4522,52.0,0.3382,75.1,0.00132,0.3335,0.2494,0.4171
1527968400,0.4521,51.6,0.3421,87.9,0.00134,0.333,0.252,0.4151
1527968700,0.4664,52.1,0.3445,79.2,0.00131,0.3365,0.2486,0.4149
1527969000,0.46,53.4,0.3467,66.2,0.00103,0.3324,0.2506,0.417
1527969300,0.451,53.1,0.3394,70.3,0.00151,0.3324,0.2502,0.4174
1527969600,0.4467,52.8,0.3496,78.5,0.00191,0.3241,0.2537,0.4222
1527969900,0.4404,53.9,0.3556,77.8,0.00117,0.3205,0.2588,0.4208
1527970200,0.4464,54.4,0.3578,75.0,0.00116,0.3197,0.2562,0.4241
1527970500,0.4379,53.2,0.3535,75.2,0.00108,0.3196,0.258,0.4225
1527970800,0.4613,51.8,0.369,72.0,0.00121,0.3256,0.2605,0.4139
1527971100,0.4426,51.8,0.354,74.6,0.00129,0.3216,0.2573,0.4211
1527971400,0.4379,50.5,0.3609,80.1,0.00121,0.3121,0.2572,0.4306
1527971700,0.4495,50.9,0.3766,80.6,0.00108,0.314,0.2631,0.4229
1527972000,0.4807,51.2,0.3765,80.7,0.00118,0.3238,0.2536,0.4225
1527972300,0.457,49.6,0.3469,75.1,0.00133,0.3296,0.2502,0.4202
1527972600,0.4707,48.9,0.3549,81.0,0.00126,0.3331,0.2511,0.4158
1527972900,0.4756,49.6,0.3592,87.2,0.0018,0.3308,0.2498,0.4194
1527973200,0.4709,50.3,0.3659,77.2,0.00194,0.3241,0.2518,0.4241
1527973500,0.4705,50.4,0.3614,88.4,0.00252,0.3257,0.2502,0.4241
1527973800,0.5023,51.2,0.3698,84.7,0.0014,0.3363,0.2476,0.4161
1527974100,0.5026,51.8,0.3704,78.1,0.0013,0.3372,0.2485,0.4143
1527974400,0.4974,52.2,0.3716,80.0,0.0014,0.3364,0.2513,0.4123
1527974700,0.5144,51.4,0.3719,86.2,0.002,0.3473,0.2511,0.4016
1527975000,0.5051,51.8,0.3665,89.7,0.00147,0.3428,0.2487,0.4084
1527975300,0.4915,50.5,0.3573,74.9,0.00111,0.3428,0.2492,0.408
1527975600,0.4747,48.7,0.3433,72.7,0.00146,0.3489,0.2523,0.3988
1527975900,0.4669,49.3,0.3394,79.3,0.00131,0.342,0.2486,0.4093
1527976200,0.4778,50.7,0.3442,79.1,0.00123,0.3394,0.2445,0.4161
1527976500,0.4952,52.2,0.3436,80.9,0.0012,0.3579,0.2483,0.3938
1527976800,0.4655,52.7,0.3302,78.4,0.00127,0.3592,0.2548,0.386
1527977100,0.453,53.0,0.325,69.2,0.00106,0.3643,0.2614,0.3743
1527977400,0.4747,53.8,0.3378,77.0,0.00109,0.3495,0.2487,0.4018
1527977700,0.4833,55.8,0.3399,74.1,0.00132,0.354,0.2489,0.3971
1527978000,0.4851,55.3,0.3381,80.9,0.0013,0.3589,0.2502,0.3909
1527978300,0.4861,55.6,0.3468,76.2,0.00191,0.3496,0.2494,0.401
1527978600,0.4734,55.4,0.3387,78.4,0.00124,0.3511,0.2512,0.3977
1527978900,0.4896,54.6,0.3493,68.7,0.00141,0.3544,0.2528,0.3928
1527979200,0.483,53.4,0.3432,70.6,0.00144,0.3529,0.2507,0.3964
1527979500,0.4854,52.3,0.341,78.4,0.00114,0.3612,0.2538,0.385
1527979800,0.4868,51.8,0.3469,84.9,0.00201,0.3541,0.2524,0.3935
1527980100,0.4877,53.1,0.3448,81.5,0.0011,0.3555,0.2513,0.3932
1527980400,0.4947,54.1,0.3456,79.9,0.003,0.3606,0.2519,0.3875
1527980700,0.4781,53.7,0.3387,76.5,0.00114,0.3543,0.251,0.3947
1527981000,0.4898,53.6,0.3482,85.1,0.00149,0.3553,0.2526,0.3922
1527981300,0.475,54.1,0.3329,65.7,0.00117,0.3638,0.255,0.3812
1527981600,0.4947,55.8,0.3452,89.7,0.00196,0.3665,0.2558,0.3777
1527981900,0.4964,57.4,0.3414,79.5,0.00205,0.3666,0.2521,0.3813
1527982200,0.4721,55.1,0.3346,81.7,0.00105,0.3591,0.2545,0.3864
1527982500,0.4818,54.8,0.3409,78.3,0.00148,0.3613,0.2556,0.383
1527982800,0.4842,55.8,0.3369,81.6,0.00172,0.3581,0.2492,0.3927
1527983100,0.4875,56.0,0.3304,78.3,0.00239,0.3726,0.2525,0.3748
1527983400,0.4732,54.6,0.3255,66.9,0.00124,0.3706,0.255,0.3744
1527983700,0.4881,53.2,0.3347,70.2,0.00122,0.3572,0.245,0.3978
1527984000,0.4899,52.0,0.3407,83.8,0.00123,0.3556,0.2473,0.3971
1527984300,0.4778,51.5,0.3391,78.0,0.0013,0.3503,0.2486,0.4011
1527984600,0.4784,50.1,0.334,77.5,0.00104,0.3535,0.2468,0.3998
1527984900,0.4798,50.7,0.3399,82.0,0.0013,0.357,0.2529,0.3901
1527985200,0.4678,51.9,0.3389,78.9,0.00203,0.3534,0.256,0.3906
1527985500,0.4681,50.2,0.3361,79.6,0.00108,0.3543,0.2544,0.3913
1527985800,0.4652,50.8,0.3295,82.0,0.00119,0.3568,0.2527,0.3904
1527986100,0.4645,50.9,0.3319,74.3,0.00181,0.3547,0.2535,0.3918
1527986400,0.4662,51.8,0.3332,88.3,0.00127,0.3533,0.2525,0.3941
1527986700,0.4823,52.0,0.3368,80.0,0.00112,0.3569,0.2492,0.3939
1527987000,0.4952,53.0,0.3468,72.3,0.00117,0.3606,0.2525,0.3868
1527987300,0.4992,51.7,0.3498,78.7,0.00121,0.364,0.2551,0.3809
1527987600,0.4725,51.0,0.3393,79.8,0.00116,0.3616,0.2597,0.3787
1527987900,0.4566,50.4,0.3408,73.8,0.00165,0.3517,0.2625,0.3858
1527988200,0.4527,50.4,0.3324,71.6,0.00127,0.3602,0.2644,0.3754
1527988500,0.467,50.1,0.3382,83.9,0.00194,0.3634,0.2632,0.3734
1527988800,0.4639,50.0,0.333,76.5,0.0014,0.371,0.2663,0.3626
1527989100,0.4697,51.2,0.3331,69.7,0.00144,0.3768,0.2672,0.356
1527989400,0.4789,51.9,0.3366,76.2,0.00111,0.3671,0.258,0.3748
1527989700,0.4951,51.7,0.3431,82.0,0.00201,0.3678,0.2549,0.3773
1527990000,0.4924,51.7,0.3417,76.6,0.00105,0.3718,0.258,0.3703
1527990300,0.4947,51.3,0.3429,83.4,0.0014,0.3725,0.2582,0.3693
1527990600,0.4919,51.0,0.3392,84.1,0.00112,0.3765,0.2596,0.3638
1527990900,0.5061,51.2,0.3453,85.2,0.00171,0.3779,0.2578,0.3642
1527991200,0.4833,49.9,0.335,67.0,0.00166,0.3741,0.2593,0.3666
1527991500,0.4913,48.0,0.34,77.4,0.00154,0.3795,0.2627,0.3578
1527991800,0.4794,47.4,0.3411,84.4,0.00107,0.3716,0.2644,0.364
1527992100,0.4682,47.0,0.3305,76.8,0.0014,0.3764,0.2657,0.3578
1527992400,0.4583,48.1,0.3206,74.0,0.00142,0.3726,0.2606,0.3668
1527992700,0.4537,50.6,0.3226,73.0,0.00119,0.368,0.2616,0.3704
1527993000,0.4498,50.1,0.3184,79.8,0.00208,0.3713,0.2629,0.3658
1527993300,0.4327,45.4,0.3063,77.4,0.00159,0.3926,0.2779,0.3295
1527993600,0.4341,48.4,0.3126,78.7,0.00119,0.3752,0.2702,0.3545
1527993900,0.4286,49.5,0.3162,71.0,0.00179,0.3623,0.2673,0.3704
1527994200,0.4193,49.8,0.3165,77.0,0.00164,0.3551,0.268,0.3769
1527994500,0.4338,50.2,0.3137,74.1,0.00172,0.364,0.2632,0.3728
1527994800,0.4598,50.3,0.3177,79.7,0.00106,0.3692,0.2551,0.3758
1527995100,0.4626,49.1,0.3191,66.3,0.00103,0.3761,0.2594,0.3645
1527995400,0.446,48.9,0.3182,81.1,0.00184,0.3725,0.2658,0.3617
1527995700,0.4576,49.0,0.319,78.3,0.00113,0.3771,0.2629,0.36
1527996000,0.4471,49.4,0.318,70.2,0.00192,0.376,0.2674,0.3566
1527996300,0.4407,48.4,0.3192,78.3,0.00113,0.3776,0.2735,0.3489
1527996600,0.4408,49.1,0.3184,73.1,0.00168,0.3765,0.272,0.3515
1527996900,0.4275,48.9,0.3156,83.6,0.00179,0.3696,0.2728,0.3576
1527997200,0.4172,48.7,0.3144,74.2,0.00114,0.3616,0.2725,0.3659
1527997500,0.4236,48.2,0.314,77.7,0.00103,0.3598,0.2667,0.3736
1527997800,0.4208,48.4,0.314,67.5,0.00167,0.3549,0.2648,0.3803
1527998100,0.409,49.6,0.3146,62.6,0.00106,0.3429,0.2637,0.3934
1527998400,0.4204,50.7,0.3157,71.6,0.00128,0.3499,0.2627,0.3874
1527998700,0.4354,51.8,0.3173,75.4,0.00174,0.3549,0.2586,0.3864
1527999000,0.4441,51.9,0.3207,71.5,0.00116,0.3579,0.2585,0.3836
1527999300,0.4343,51.3,0.3202,75.1,0.00169,0.3551,0.2618,0.3832
1527999600,0.4384,50.6,0.3201,74.7,0.00153,0.3578,0.2612,0.381
1527999900,0.4461,50.6,0.3202,69.3,0.00134,0.3616,0.2596,0.3788
1528000200,0.4898,52.9,0.3262,71.2,0.0015,0.3813,0.254,0.3647
1528000500,0.4995,55.7,0.3291,80.5,0.00136,0.3946,0.26,0.3455
1528000800,0.4979,57.5,0.3282,84.4,0.00122,0.4103,0.2705,0.3192
1528001100,0.5041,57.6,0.3274,92.3,0.00161,0.424,0.2754,0.3005
1528001400,0.4961,56.1,0.3273,80.0,0.00173,0.4272,0.2818,0.291
1528001700,0.4902,55.4,0.3263,77.4,0.00178,0.4259,0.2835,0.2907
1528002000,0.4959,55.4,0.3269,76.3,0.00112,0.4221,0.2782,0.2997
1528002300,0.49,55.2,0.327,76.3,0.00108,0.4173,0.2785,0.3042
1528002600,0.4925,54.8,0.3284,80.8,0.00152,0.4182,0.2789,0.303
1528002900,0.4832,51.0,0.3258,78.0,0.00156,0.4327,0.2917,0.2756
1528003200,0.4947,51.7,0.3275,75.1,0.00105,0.4374,0.2896,0.273
1528003500,0.4923,51.4,0.3266,70.6,0.00101,0.4359,0.2892,0.2749
1528003800,0.4979,51.0,0.3276,80.8,0.00165,0.4377,0.288,0.2743
1528004100,0.4818,50.3,0.3278,92.5,0.00116,0.43,0.2925,0.2775
1528004400,0.4622,50.2,0.3252,79.7,0.002,0.4223,0.2971,0.2806
1528004700,0.4702,50.8,0.3244,82.5,0.00112,0.4254,0.2935,0.2811
1528005000,0.4668,50.6,0.3231,82.5,0.00204,0.4239,0.2934,0.2826
1528005300,0.4671,50.1,0.3184,72.8,0.0016,0.4327,0.2949,0.2724
1528005600,0.4437,50.8,0.3145,74.7,0.00152,0.4165,0.2952,0.2883
1528005900,0.4111,50.3,0.3094,61.6,0.00237,0.3901,0.2936,0.3163
1528006200,0.4689,50.8,0.3166,76.5,0.00129,0.4013,0.271,0.3277
1528006500,0.5083,53.7,0.3247,82.2,0.00208,0.426,0.2721,0.3019
1528006800,0.5093,54.2,0.3281,87.3,0.00174,0.435,0.2802,0.2848
1528007100,0.4962,54.7,0.3262,84.9,0.00145,0.4381,0.288,0.274
1528007400,0.489,55.2,0.3248,81.8,0.00116,0.4395,0.2919,0.2686
1528007700,0.4841,53.3,0.3221,82.0,0.001,0.4526,0.3011,0.2463
1528008000,0.4803,51.3,0.3185,73.4,0.00102,0.4657,0.3088,0.2255
1528008300,0.4827,52.5,0.3199,80.7,0.0014,0.4598,0.3047,0.2354
1528008600,0.4872,53.4,0.3221,78.7,0.00159,0.4557,0.3013,0.243
1528008900,0.492,54.0,0.324,94.0,0.00101,0.4526,0.2981,0.2493
1528009200,0.4937,54.4,0.3241,79.9,0.00122,0.4506,0.2958,0.2535
1528009500,0.4929,55.0,0.3264,83.9,0.00131,0.4472,0.2961,0.2567
1528009800,0.4914,55.0,0.3263,75.5,0.00112,0.4477,0.2973,0.255
1528010100,0.4809,54.6,0.3233,77.4,0.00142,0.4495,0.3022,0.2484
1528010400,0.4856,54.7,0.3227,79.5,0.00109,0.451,0.2997,0.2492
1528010700,0.4872,54.2,0.3226,80.3,0.00123,0.4499,0.2979,0.2523
1528011000,0.4867,54.3,0.321,76.1,0.00143,0.4492,0.2963,0.2545
1528011300,0.473,53.5,0.3173,75.1,0.00171,0.4517,0.303,0.2452
1528011600,0.4613,54.1,0.3153,70.4,0.00166,0.4364,0.2983,0.2653
1528011900,0.4876,55.8,0.3188,71.3,0.00144,0.4427,0.2894,0.2679
1528012200,0.4754,56.5,0.3168,79.0,0.00149,0.4336,0.2889,0.2775
1528012500,0.4639,55.7,0.3147,77.1,0.0011,0.426,0.289,0.285
1528012800,0.4883,55.6,0.3191,71.4,0.00129,0.4326,0.2827,0.2847
1528013100,0.4958,56.6,0.3214,76.9,0.00152,0.4343,0.2815,0.2842
1528013400,0.4719,56.7,0.3189,77.2,0.00119,0.4229,0.2858,0.2914
1528013700,0.4693,56.5,0.3161,76.8,0.00115,0.4218,0.2841,0.2941
1528014000,0.5009,56.8,0.3212,85.1,0.00114,0.4346,0.2787,0.2867
1528014300,0.502,57.8,0.3231,70.0,0.00108,0.4381,0.282,0.2799
1528014600,0.4976,58.6,0.3237,78.7,0.00111,0.4379,0.2849,0.2772
1528014900,0.4712,58.5,0.3201,73.0,0.00109,0.4274,0.2904,0.2822
1528015200,0.45,56.8,0.3148,78.1,0.00162,0.4166,0.2915,0.2919
1528015500,0.4958,55.9,0.3209,85.5,0.00194,0.4325,0.2799,0.2876
1528015800,0.4954,56.5,0.3215,85.9,0.00145,0.4306,0.2794,0.29
1528016100,0.4615,57.0,0.3176,69.2,0.0012,0.4155,0.2859,0.2986
1528016400,0.474,56.6,0.3192,75.5,0.00131,0.417,0.2808,0.3022
1528016700,0.5041,56.6,0.3241,79.3,0.00143,0.4275,0.2748,0.2977
1528017000,0.5011,57.3,0.3246,75.6,0.00142,0.4276,0.277,0.2954
1528017300,0.476,55.2,0.3187,81.8,0.00152,0.4306,0.2883,0.2811
1528017600,0.475,56.6,0.3201,84.1,0.00106,0.431,0.2904,0.2786
1528017900,0.4749,58.0,0.3197,82.2,0.00162,0.4303,0.2897,0.28
1528018200,0.4812,58.7,0.3221,79.9,0.0016,0.4297,0.2877,0.2826
1528018500,0.4728,58.8,0.323,79.9,0.00185,0.4249,0.2903,0.2848
1528018800,0.4794,58.9,0.3224,72.3,0.00156,0.4289,0.2885,0.2826
1528019100,0.4911,57.7,0.3232,80.5,0.00141,0.4335,0.2853,0.2812
1528019400,0.485,57.7,0.3237,75.8,0.00136,0.4293,0.2865,0.2842
1528019700,0.4772,57.6,0.3239,75.9,0.00202,0.4246,0.2882,0.2872
1528020000,0.4571,57.4,0.3212,75.2,0.00125,0.415,0.2916,0.2934
1528020300,0.44,57.3,0.3172,62.4,0.00142,0.4043,0.2915,0.3042
1528020600,0.4074,56.5,0.3108,71.7,0.0014,0.386,0.2945,0.3194
1528020900,0.4188,54.5,0.3105,71.6,0.00185,0.3824,0.2835,0.3342
1528021200,0.4304,53.0,0.3145,70.2,0.00184,0.3905,0.2854,0.3241
1528021500,0.4453,53.8,0.3188,66.0,0.00102,0.3913,0.2802,0.3285
1528021800,0.4466,55.2,0.3216,77.6,0.00129,0.3864,0.2783,0.3353
1528022100,0.4683,55.8,0.3257,69.8,0.00123,0.3918,0.2725,0.3358
1528022400,0.4985,57.2,0.3317,85.2,0.00123,0.3999,0.2661,0.334
1528022700,0.505,58.9,0.3345,83.0,0.00146,0.4062,0.2691,0.3248
1528023000,0.4901,59.9,0.3294,78.1,0.00151,0.4077,0.274,0.3182
1528023300,0.4638,59.5,0.3266,77.6,0.00105,0.3987,0.2808,0.3206
1528023600,0.4156,57.3,0.3206,74.6,0.00131,0.3742,0.2887,0.3371
1528023900,0.4181,54.1,0.3165,69.4,0.00135,0.3697,0.2798,0.3505
1528024200,0.4546,52.4,0.3262,79.5,0.00112,0.3734,0.2679,0.3587
1528024500,0.4658,52.8,0.3327,79.4,0.00164,0.3713,0.2652,0.3636
1528024800,0.4586,53.8,0.332,81.5,0.00103,0.3675,0.2661,0.3664
1528025100,0.4814,54.2,0.3333,69.2,0.00115,0.3753,0.2598,0.3649
1528025400,0.5166,57.0,0.3356,76.5,0.00192,0.3962,0.2574,0.3464
1528025700,0.4949,59.6,0.3317,88.5,0.00123,0.3966,0.2658,0.3376
1528026000,0.4748,60.7,0.3279,76.5,0.00115,0.395,0.2728,0.3323
1528026300,0.4673,60.8,0.3257,68.8,0.00114,0.3945,0.2749,0.3306
1528026600,0.4472,59.4,0.3219,67.6,0.00162,0.3849,0.2771,0.338
1528026900,0.4138,57.4,0.3198,73.4,0.00161,0.3631,0.2806,0.3563
1528027200,0.4173,55.7,0.3202,72.4,0.00127,0.356,0.2732,0.3709
1528027500,0.5157,57.1,0.3381,81.2,0.00165,0.3907,0.2561,0.3532
1528027800,0.5072,59.6,0.3356,81.6,0.00188,0.3954,0.2616,0.3429
1528028100,0.5048,59.6,0.3344,75.9,0.00158,0.4017,0.2661,0.3321
1528028400,0.5077,59.4,0.3352,80.5,0.00226,0.409,0.2701,0.3209
1528028700,0.4843,59.0,0.3298,81.3,0.00139,0.4067,0.277,0.3163
1528029000,0.4453,58.4,0.3189,71.1,0.00157,0.3963,0.2838,0.3198
1528029300,0.408,56.5,0.3159,76.7,0.00117,0.3703,0.2867,0.3431
1528029600,0.4036,53.6,0.3179,80.1,0.00104,0.3566,0.2809,0.3624
1528029900,0.4151,51.6,0.3209,70.6,0.00152,0.3487,0.2696,0.3817
1528030200,0.4669,51.9,0.3329,78.4,0.00147,0.3557,0.2536,0.3906
1528030500,0.5047,54.8,0.339,85.6,0.00141,0.3692,0.248,0.3828
1528030800,0.5175,58.3,0.3438,78.1,0.00184,0.3782,0.2512,0.3706
1528031100,0.5182,61.3,0.3447,74.1,0.00232,0.3836,0.2552,0.3612
1528031400,0.5126,62.6,0.3394,81.4,0.00171,0.3931,0.2603,0.3466
1528031700,0.5026,61.9,0.3293,76.0,0.00192,0.4051,0.2654,0.3295
1528032000,0.4818,60.3,0.3219,76.6,0.00139,0.4077,0.2724,0.3199
1528032300,0.4395,47.2,0.3059,65.1,0.00101,0.4198,0.2922,0.2881
1528032600,0.4398,44.9,0.3137,72.7,0.00107,0.3994,0.2849,0.3157
1528032900,0.4171,43.1,0.3102,62.7,0.00128,0.382,0.2841,0.3339
1528033200,0.4246,42.6,0.3173,67.8,0.00107,0.3695,0.2761,0.3543
1528033500,0.4362,43.2,0.3224,81.6,0.00105,0.3612,0.267,0.3718
1528033800,0.4596,15.0,0.2993,72.1,0.00124,0.4557,0.2968,0.2475
1528034100,0.4973,20.5,0.3243,73.8,0.00121,0.4107,0.2678,0.3215
1528034400,0.4686,24.2,0.3178,84.3,0.00167,0.3645,0.2472,0.3884
1528034700,0.4735,29.2,0.3269,79.2,0.00133,0.347,0.2396,0.4135
1528035000,0.4538,30.7,0.3148,67.3,0.00146,0.3567,0.2474,0.3959
1528035300,0.4661,36.5,0.3221,78.3,0.00202,0.3409,0.2356,0.4235
1528035600,0.4668,37.7,0.3269,71.9,0.00128,0.3305,0.2315,0.438
1528035900,0.4862,38.6,0.3384,82.8,0.00135,0.3315,0.2307,0.4378
1528036200,0.4743,40.2,0.3358,79.1,0.00138,0.325,0.2301,0.4448
1528036500,0.4515,40.8,0.3287,81.6,0.00174,0.3224,0.2347,0.4429
1528036800,0.4496,42.0,0.3269,86.4,0.001,0.323,0.2349,0.4421
1528037100,0.4561,42.5,0.3302,61.2,0.00131,0.3157,0.2286,0.4557
1528037400,0.4476,43.3,0.3252,72.1,0.00193,0.3091,0.2245,0.4664
1528037700,0.4502,43.7,0.3203,80.8,0.00102,0.3134,0.223,0.4635
1528038000,0.4315,45.6,0.3197,70.2,0.0022,0.2986,0.2213,0.4801
1528038300,0.4349,46.4,0.3202,75.8,0.00155,0.2961,0.218,0.486
1528038600,0.4298,47.9,0.3218,81.9,0.00148,0.3046,0.2281,0.4673
1528038900,0.4324,49.4,0.324,75.5,0.00149,0.2984,0.2236,0.478
1528039200,0.448,51.8,0.3266,70.8,0.00123,0.3043,0.2218,0.4739
1528039500,0.4543,54.0,0.3239,75.9,0.00133,0.3033,0.2162,0.4805
1528039800,0.4448,55.0,0.3202,72.4,0.0023,0.3053,0.2198,0.4749
1528040100,0.4517,54.3,0.3282,80.1,0.00103,0.3038,0.2207,0.4755
1528040400,0.4362,52.5,0.3233,73.4,0.00102,0.3006,0.2228,0.4766
1528040700,0.437,52.1,0.3186,70.9,0.00105,0.304,0.2217,0.4743
1528041000,0.446,54.0,0.3254,75.8,0.00106,0.3015,0.22,0.4785
1528041300,0.4617,39.5,0.2918,72.1,0.00118,0.4715,0.298,0.2305
1528041600,0.4523,40.9,0.2892,77.5,0.00107,0.4728,0.3023,0.2248
1528041900,0.4487,42.2,0.2885,72.3,0.00101,0.4534,0.2915,0.2551
1528042200,0.4754,42.3,0.2976,77.4,0.00117,0.4373,0.2738,0.2889
1528042500,0.4965,46.4,0.3042,73.0,0.00177,0.4293,0.263,0.3076
1528042800,0.484,47.9,0.2941,75.1,0.00119,0.4448,0.2703,0.285
1528043100,0.4747,47.1,0.2966,66.7,0.00129,0.441,0.2755,0.2835
1528043400,0.4711,45.5,0.295,84.2,0.00109,0.4465,0.2796,0.2739
1528043700,0.4539,45.6,0.2912,71.2,0.0016,0.4471,0.2868,0.266
1528044000,0.4339,44.1,0.2887,71.5,0.00141,0.4414,0.2937,0.2649
1528044300,0.4697,44.3,0.3019,79.6,0.00176,0.4319,0.2776,0.2905
1528044600,0.4845,44.7,0.3017,80.6,0.00141,0.4466,0.2781,0.2753
1528044900,0.4814,46.1,0.2987,74.2,0.00117,0.4265,0.2647,0.3088
1528045200,0.4631,47.2,0.2968,72.6,0.00123,0.4128,0.2645,0.3227
1528045500,0.4858,44.6,0.3059,86.8,0.00126,0.3873,0.2439,0.3688
1528045800,0.4797,44.3,0.307,77.5,0.00174,0.3645,0.2333,0.4022
1528046100,0.4802,47.2,0.3068,71.5,0.001,0.3719,0.2376,0.3905
1528046400,0.4742,45.7,0.3047,83.4,0.00103,0.3824,0.2457,0.3718
1528046700,0.4737,43.9,0.296,77.7,0.00124,0.3983,0.2489,0.3528
1528047000,0.4634,44.9,0.3022,78.1,0.00145,0.3971,0.259,0.3439
1528047300,0.4725,47.4,0.3077,72.6,0.00126,0.3908,0.2545,0.3547
1528047600,0.4613,50.5,0.3085,79.9,0.00144,0.3807,0.2546,0.3647
1528047900,0.4785,50.2,0.3244,75.1,0.00109,0.3713,0.2517,0.3771
1528048200,0.518,50.9,0.3321,90.9,0.0021,0.3846,0.2466,0.3688
1528048500,0.5262,51.2,0.3452,85.6,0.00195,0.3698,0.2426,0.3876
1528048800,0.5244,52.5,0.3511,92.1,0.00233,0.3585,0.24,0.4014
1528049100,0.5418,51.7,0.3561,79.4,0.00261,0.3638,0.2391,0.397
1528049400,0.527,49.5,0.3523,86.4,0.00187,0.366,0.2447,0.3893
1528049700,0.5253,48.7,0.3525,91.2,0.00194,0.3663,0.2458,0.388
1528050000,0.5293,46.1,0.3507,88.1,0.00209,0.3702,0.2453,0.3844
1528050300,0.5358,46.2,0.3497,85.1,0.00228,0.3703,0.2417,0.388
1528050600,0.5349,46.3,0.3456,79.0,0.00295,0.3788,0.2448,0.3764
1528050900,0.5435,44.6,0.3604,86.0,0.00284,0.3686,0.2444,0.3869
1528051200,0.5338,43.6,0.3618,89.5,0.00249,0.3661,0.2482,0.3857
1528051500,0.529,43.5,0.3644,83.3,0.00252,0.3581,0.2467,0.3952
1528051800,0.5268,42.6,0.364,83.1,0.00241,0.3516,0.2429,0.4055
1528052100,0.5173,41.7,0.3592,83.9,0.00178,0.3505,0.2434,0.4061
1528052400,0.4873,40.0,0.34,76.7,0.00121,0.3541,0.2471,0.3988
1528052700,0.4928,39.6,0.3436,82.0,0.00118,0.3617,0.2522,0.3861
1528053000,0.5129,41.1,0.3527,85.4,0.00193,0.3589,0.2468,0.3943
1528053300,0.5302,40.6,0.3595,71.5,0.00208,0.3614,0.245,0.3936
1528053600,0.5297,40.5,0.3637,86.5,0.00288,0.3576,0.2455,0.3969
1528053900,0.4932,41.1,0.3642,84.2,0.00117,0.3404,0.2514,0.4082
1528054200,0.4945,41.0,0.3605,73.8,0.00146,0.3483,0.2539,0.3978
1528054500,0.4777,41.7,0.3634,73.5,0.00185,0.3406,0.2591,0.4003
1528054800,0.5057,42.4,0.3643,86.0,0.00137,0.354,0.255,0.391
1528055100,0.4942,42.5,0.3658,79.5,0.00127,0.3491,0.2584,0.3925
1528055400,0.4901,42.4,0.3653,78.2,0.00204,0.3496,0.2605,0.3899
1528055700,0.4889,42.6,0.361,75.8,0.00105,0.348,0.257,0.395
1528056000,0.5001,41.3,0.3699,77.5,0.00146,0.349,0.2581,0.3928
1528056300,0.4909,41.2,0.3604,78.9,0.00219,0.351,0.2577,0.3913
1528056600,0.4886,41.2,0.3567,79.6,0.00161,0.3491,0.2549,0.396
1528056900,0.4978,41.4,0.3526,76.4,0.00155,0.3541,0.2508,0.395
1528057200,0.5036,41.1,0.3465,87.6,0.00151,0.3619,0.249,0.3891
1528057500,0.5007,41.7,0.3448,78.1,0.00161,0.3623,0.2495,0.3882
1528057800,0.5021,44.0,0.3476,78.4,0.00119,0.3638,0.2519,0.3843
1528058100,0.5036,44.7,0.3528,82.9,0.00154,0.3534,0.2476,0.399
1528058400,0.5154,45.5,0.3581,85.0,0.00154,0.3526,0.245,0.4025
1528058700,0.5207,45.7,0.3528,84.6,0.00186,0.3568,0.2417,0.4015
1528059000,0.5204,44.4,0.3455,99.5,0.00173,0.3693,0.2452,0.3855
1528059300,0.5186,43.2,0.3377,68.7,0.00195,0.3776,0.2459,0.3766
1528059600,0.5118,44.0,0.3459,86.9,0.0014,0.3701,0.2502,0.3797
1528059900,0.5142,44.0,0.3427,84.7,0.00256,0.3698,0.2464,0.3838
1528060200,0.5004,42.9,0.3342,81.9,0.00122,0.371,0.2478,0.3812
1528060500,0.4916,43.9,0.3379,75.8,0.00108,0.3585,0.2464,0.3951
1528060800,0.4847,43.4,0.3458,68.3,0.00126,0.348,0.2482,0.4038
1528061100,0.5129,42.5,0.3558,82.2,0.00173,0.3573,0.2479,0.3948
1528061400,0.5069,41.9,0.3484,80.5,0.00178,0.3538,0.2432,0.403
1528061700,0.5184,42.0,0.3647,70.3,0.00173,0.3501,0.2463,0.4036
1528062000,0.5127,42.5,0.3632,89.3,0.00193,0.3507,0.2484,0.4009
1528062300,0.5252,39.2,0.3616,84.6,0.00227,0.3622,0.2494,0.3884
1528062600,0.5196,39.9,0.3549,82.3,0.00169,0.3619,0.2472,0.3909
1528062900,0.5247,39.6,0.3593,75.7,0.00211,0.361,0.2472,0.3918
1528063200,0.5052,39.3,0.3318,77.7,0.00143,0.378,0.2482,0.3738
1528063500,0.5081,39.9,0.3487,77.3,0.00148,0.3628,0.249,0.3882
1528063800,0.5092,40.6,0.3551,86.0,0.00175,0.3532,0.2463,0.4004
1528064100,0.4955,39.9,0.35,80.3,0.00166,0.3494,0.2468,0.4038
1528064400,0.507,40.5,0.3598,72.2,0.00123,0.3474,0.2466,0.406
1528064700,0.5032,41.3,0.3644,80.2,0.00145,0.34,0.2462,0.4138
1528065000,0.4899,40.9,0.3672,78.2,0.00184,0.333,0.2496,0.4174
1528065300,0.5035,40.5,0.3685,84.6,0.00136,0.3395,0.2485,0.4121
1528065600,0.4945,40.6,0.3666,87.7,0.00138,0.3353,0.2486,0.4161
1528065900,0.4661,40.2,0.3452,83.6,0.00122,0.3311,0.2452,0.4237
1528066200,0.4955,40.4,0.3608,87.2,0.00159,0.3434,0.25,0.4066
1528066500,0.4991,40.7,0.3561,84.3,0.00109,0.3466,0.2473,0.406
1528066800,0.4855,41.6,0.3487,79.8,0.00147,0.3526,0.2533,0.3941
1528067100,0.4768,42.8,0.334,81.1,0.00115,0.3455,0.242,0.4124
1528067400,0.4948,43.5,0.3246,79.0,0.00115,0.3545,0.2326,0.4129
1528067700,0.5027,44.9,0.3253,82.5,0.00112,0.3634,0.2352,0.4014
1528068000,0.5024,47.0,0.3272,71.7,0.00192,0.3532,0.23,0.4168
1528068300,0.5003,47.7,0.3217,78.2,0.00136,0.3558,0.2288,0.4154
1528068600,0.5016,47.6,0.3184,82.4,0.00128,0.3583,0.2274,0.4143
1528068900,0.5183,46.6,0.3156,78.3,0.00249,0.3733,0.2273,0.3994
1528069200,0.5021,47.1,0.31,68.9,0.00171,0.3747,0.2314,0.3939
1528069500,0.4984,48.4,0.3163,79.4,0.00113,0.3699,0.2348,0.3953
1528069800,0.511,46.9,0.3195,78.5,0.00196,0.3753,0.2346,0.3901
1528070100,0.5044,46.7,0.3148,75.8,0.00147,0.3677,0.2295,0.4029
1528070400,0.5046,47.8,0.3166,80.7,0.00131,0.3647,0.2288,0.4066
1528070700,0.4897,47.9,0.308,75.2,0.00165,0.364,0.229,0.407
1528071000,0.5001,47.8,0.3099,85.9,0.00126,0.382,0.2367,0.3812
1528071300,0.5101,44.8,0.3059,82.1,0.00159,0.4154,0.2491,0.3354
1528071600,0.5138,45.1,0.3125,87.3,0.00163,0.414,0.2518,0.3343
1528071900,0.5128,44.9,0.3146,79.4,0.00153,0.414,0.254,0.332
1528072200,0.5,44.8,0.3078,75.8,0.00127,0.4234,0.2607,0.3159
1528072500,0.5013,45.6,0.3084,80.1,0.00131,0.4242,0.2609,0.3149
1528072800,0.4972,46.8,0.307,81.6,0.00148,0.4218,0.2605,0.3177
1528073100,0.5108,48.1,0.3193,82.9,0.00147,0.416,0.26,0.324
1528073400,0.5084,48.2,0.3159,85.8,0.00183,0.4221,0.2623,0.3156
1528073700,0.5053,47.0,0.3158,79.4,0.0014,0.4251,0.2657,0.3093
1528074000,0.5025,47.1,0.3162,85.6,0.00199,0.4178,0.2629,0.3193
1528074300,0.4971,47.3,0.3146,76.9,0.00111,0.4228,0.2676,0.3096
1528074600,0.4899,46.3,0.3134,79.9,0.0012,0.4148,0.2653,0.3199
1528074900,0.4952,47.0,0.3113,77.1,0.0011,0.4221,0.2654,0.3125
1528075200,0.4991,45.8,0.3117,80.9,0.00101,0.4259,0.266,0.3081
1528075500,0.5037,45.8,0.3101,83.4,0.00145,0.4339,0.2671,0.2989
1528075800,0.5007,46.4,0.3134,76.5,0.00199,0.4315,0.2701,0.2984
1528076100,0.5103,46.0,0.3148,76.4,0.00159,0.43,0.2652,0.3048
1528076400,0.51,47.2,0.3165,87.9,0.00143,0.4263,0.2646,0.3091
1528076700,0.5141,46.8,0.3167,86.8,0.00148,0.4258,0.2623,0.312
1528077000,0.5146,46.6,0.3153,85.4,0.0017,0.4293,0.2631,0.3076
1528077300,0.5123,47.5,0.3159,81.1,0.00144,0.4247,0.2619,0.3134
1528077600,0.5204,46.7,0.316,73.8,0.00295,0.4316,0.2621,0.3063
1528077900,0.5297,44.8,0.3182,85.0,0.00208,0.4301,0.2584,0.3115
1528078200,0.5166,44.9,0.3192,68.4,0.00172,0.4228,0.2612,0.3159
1528078500,0.4746,40.4,0.3027,69.0,0.00147,0.4484,0.286,0.2657
1528078800,0.4666,42.7,0.3002,73.5,0.00135,0.418,0.2689,0.3131
1528079100,0.4779,42.7,0.3018,82.3,0.00156,0.412,0.2602,0.3278
1528079400,0.4734,40.8,0.3051,77.1,0.00123,0.4267,0.275,0.2982
1528079700,0.4595,38.0,0.3059,75.5,0.00183,0.4223,0.2811,0.2966
1528080000,0.4578,41.7,0.3108,78.5,0.00124,0.4097,0.2782,0.3121
1528080300,0.4526,42.5,0.3163,84.7,0.0014,0.3921,0.274,0.334
1528080600,0.4445,43.6,0.3146,73.6,0.00132,0.381,0.2697,0.3493
1528080900,0.4434,45.2,0.3156,76.6,0.00213,0.371,0.264,0.365
1528081200,0.4318,45.6,0.3156,65.9,0.00113,0.3588,0.2622,0.379
1528081500,0.4406,45.6,0.3151,71.7,0.00158,0.3561,0.2547,0.3892
1528081800,0.4386,45.5,0.3132,79.5,0.00127,0.3481,0.2486,0.4033
1528082100,0.4571,44.8,0.3156,74.8,0.00244,0.3548,0.245,0.4002
1528082400,0.4542,45.2,0.3169,82.1,0.00114,0.3505,0.2445,0.405
1528082700,0.4648,45.4,0.3196,73.0,0.00172,0.3509,0.2413,0.4079
1528083000,0.4741,44.2,0.3156,87.7,0.00139,0.3607,0.2401,0.3993
1528083300,0.488,44.2,0.3168,79.8,0.00127,0.3673,0.2384,0.3943
1528083600,0.4889,44.1,0.3194,79.7,0.00142,0.3647,0.2382,0.3971
1528083900,0.4901,43.4,0.3194,79.9,0.00101,0.3874,0.2525,0.3602
1528084200,0.4889,42.1,0.3207,72.2,0.00109,0.3958,0.2596,0.3446
1528084500,0.4726,39.9,0.3175,80.1,0.00166,0.3961,0.2661,0.3378
1528084800,0.4473,40.5,0.3139,71.7,0.00183,0.3841,0.2695,0.3464
1528085100,0.4421,41.0,0.3123,69.3,0.00139,0.3812,0.2693,0.3496
1528085400,0.4415,41.2,0.3083,70.8,0.00128,0.3814,0.2663,0.3523
1528085700,0.4706,42.2,0.315,77.6,0.00166,0.3902,0.2612,0.3486
1528086000,0.4728,42.3,0.3179,82.2,0.00159,0.3905,0.2625,0.347
1528086300,0.4278,41.8,0.3146,76.3,0.00106,0.3713,0.2731,0.3556
1528086600,0.4157,41.1,0.3048,69.9,0.00154,0.3691,0.2706,0.3602
1528086900,0.4331,41.7,0.302,78.0,0.00154,0.369,0.2573,0.3736
1528087200,0.5047,44.1,0.3156,78.0,0.00119,0.389,0.2433,0.3677
1528087500,0.5366,48.0,0.3319,87.6,0.00219,0.3952,0.2444,0.3604
1528087800,0.5414,48.7,0.3338,79.7,0.00256,0.4132,0.2547,0.3321
1528088100,0.5204,45.9,0.326,77.7,0.00215,0.4393,0.2752,0.2855
1528088400,0.5127,45.1,0.3259,80.5,0.00222,0.4445,0.2826,0.2729
1528088700,0.4987,42.8,0.3238,84.2,0.00127,0.4529,0.294,0.2531
1528089000,0.4907,42.9,0.3227,72.2,0.00138,0.4528,0.2978,0.2494
1528089300,0.4926,44.1,0.3233,79.5,0.00127,0.4505,0.2957,0.2538
1528089600,0.4938,45.1,0.3246,82.7,0.00184,0.4483,0.2947,0.257
1528089900,0.4857,44.2,0.321,92.1,0.00144,0.4529,0.2993,0.2478
1528090200,0.4932,41.8,0.3172,84.6,0.00105,0.4692,0.3017,0.2291
1528090500,0.4957,42.3,0.3197,81.3,0.00222,0.4661,0.3006,0.2332
1528090800,0.499,42.4,0.3216,94.7,0.00198,0.4641,0.2991,0.2369
1528091100,0.4949,42.0,0.3215,86.0,0.00154,0.4601,0.2989,0.2411
1528091400,0.4953,42.0,0.3209,79.9,0.00224,0.4609,0.2986,0.2405
1528091700,0.4887,43.1,0.3202,83.6,0.00105,0.4558,0.2987,0.2455
1528092000,0.4947,42.9,0.323,86.3,0.00125,0.4467,0.2916,0.2617
1528092300,0.4811,43.1,0.319,83.0,0.00168,0.4461,0.2958,0.2581
1528092600,0.4488,42.8,0.3128,76.6,0.00165,0.4278,0.2982,0.274
1528092900,0.46,42.1,0.3126,70.0,0.00168,0.426,0.2895,0.2845
1528093200,0.4487,42.1,0.3094,75.6,0.00162,0.4132,0.2849,0.3019
1528093500,0.4417,41.4,0.3073,76.6,0.00174,0.4003,0.2785,0.3212
1528093800,0.4576,42.4,0.3093,77.9,0.00141,0.3992,0.2698,0.3311
1528094100,0.5151,44.0,0.3237,77.0,0.00194,0.4106,0.258,0.3313
1528094400,0.5448,47.1,0.3351,76.4,0.00239,0.4187,0.2575,0.3238
1528094700,0.5423,48.7,0.3342,84.5,0.00292,0.4298,0.2649,0.3053
1528095000,0.5324,48.5,0.3292,88.9,0.00234,0.444,0.2745,0.2815
1528095300,0.5276,47.6,0.3275,83.7,0.00244,0.4513,0.2802,0.2685
1528095600,0.5009,45.3,0.3211,77.2,0.00115,0.4541,0.2911,0.2549
1528095900,0.4901,44.4,0.3196,72.8,0.00142,0.4507,0.2939,0.2553
1528096200,0.4967,44.8,0.3186,80.3,0.00104,0.4543,0.2914,0.2544
1528096500,0.5026,46.0,0.3209,91.3,0.00147,0.4536,0.2896,0.2568
1528096800,0.5032,45.5,0.322,72.0,0.00151,0.4574,0.2927,0.2499
1528097100,0.5046,45.9,0.3222,76.9,0.00121,0.4575,0.2921,0.2503
1528097400,0.5074,46.3,0.3235,74.9,0.0014,0.4568,0.2912,0.252
1528097700,0.5107,46.9,0.3253,80.9,0.0021,0.4567,0.2909,0.2524
1528098000,0.4948,46.7,0.3221,80.7,0.00103,0.4528,0.2948,0.2524
1528098300,0.4713,45.7,0.3192,80.1,0.00161,0.4544,0.3077,0.2379
1528098600,0.4539,45.2,0.315,82.4,0.00185,0.4424,0.307,0.2505
1528098900,0.4653,44.6,0.3156,82.6,0.00157,0.4413,0.2993,0.2594
1528099200,0.4532,44.0,0.3139,64.0,0.00143,0.4329,0.2999,0.2672
1528099500,0.4615,44.1,0.3135,81.1,0.00106,0.4332,0.2943,0.2725
1528099800,0.4854,45.0,0.3174,81.4,0.00125,0.4375,0.2861,0.2763
1528100100,0.4928,46.1,0.3196,80.6,0.00173,0.4385,0.2844,0.2771
1528100400,0.4903,47.4,0.3167,89.0,0.00163,0.4426,0.2859,0.2716
1528100700,0.5134,48.7,0.3208,71.9,0.00153,0.4535,0.2833,0.2632
1528101000,0.5078,49.5,0.3194,78.7,0.00136,0.4543,0.2858,0.2599
1528101300,0.5004,49.9,0.3186,79.7,0.00138,0.4555,0.29,0.2546
1528101600,0.5092,50.2,0.3217,77.4,0.00154,0.4561,0.2881,0.2558
1528101900,0.5034,49.7,0.3204,79.5,0.00151,0.4541,0.289,0.2569
1528102200,0.5069,48.6,0.319,84.5,0.00142,0.4617,0.2906,0.2477
1528102500,0.5136,48.2,0.3202,81.0,0.00148,0.4666,0.2909,0.2426
1528102800,0.5011,47.3,0.3195,76.4,0.00173,0.4701,0.2997,0.2302
1528103100,0.4975,46.8,0.3196,80.1,0.00119,0.4696,0.3017,0.2287
1528103400,0.4837,45.0,0.3168,76.9,0.00139,0.4732,0.3099,0.2169
1528103700,0.4516,44.2,0.309,77.9,0.00171,0.4698,0.3215,0.2087
1528104000,0.4371,43.2,0.3102,69.2,0.00121,0.4448,0.3157,0.2395
1528104300,0.4636,43.3,0.3109,81.5,0.001,0.4484,0.3007,0.2508
1528104600,0.4731,43.8,0.3132,81.6,0.00151,0.4492,0.2974,0.2534
1528104900,0.4586,44.9,0.3089,67.4,0.00116,0.4405,0.2967,0.2627
1528105200,0.4853,46.2,0.3145,78.3,0.00128,0.4404,0.2854,0.2742
1528105500,0.5285,47.0,0.3227,74.5,0.00206,0.4524,0.2762,0.2714
1528105800,0.54,48.0,0.326,91.3,0.00324,0.4576,0.2762,0.2662
1528106100,0.5283,48.4,0.3228,71.7,0.00205,0.4629,0.2828,0.2542
1528106400,0.514,48.2,0.3213,84.8,0.00234,0.4685,0.2928,0.2387
1528106700,0.5056,46.8,0.3173,83.3,0.00247,0.4746,0.2979,0.2275
1528107000,0.4938,45.9,0.316,74.9,0.00143,0.4683,0.2997,0.232
1528107300,0.4988,46.4,0.3158,70.9,0.00132,0.468,0.2963,0.2357
1528107600,0.5009,47.1,0.3166,76.9,0.00105,0.4633,0.2928,0.2439
1528107900,0.4945,47.9,0.3167,83.8,0.00103,0.4552,0.2915,0.2533
1528108200,0.5053,48.9,0.3186,78.7,0.00138,0.458,0.2888,0.2532
1528108500,0.5045,49.1,0.3209,78.1,0.00117,0.4574,0.2909,0.2516
1528108800,0.4969,49.4,0.3191,75.3,0.00122,0.4562,0.293,0.2508
1528109100,0.482,49.1,0.3135,75.4,0.00132,0.4522,0.2941,0.2537
1528109400,0.4801,48.4,0.3131,84.2,0.00147,0.4482,0.2923,0.2596
1528109700,0.5094,48.1,0.3181,80.0,0.00163,0.4539,0.2834,0.2627
1528110000,0.5112,48.1,0.3195,74.5,0.00165,0.4556,0.2847,0.2597
1528110300,0.51,47.5,0.318,80.5,0.00142,0.463,0.2887,0.2483
1528110600,0.5034,48.1,0.3161,72.2,0.00155,0.4647,0.2918,0.2435
1528110900,0.4991,49.5,0.3163,81.4,0.00119,0.4637,0.2938,0.2425
1528111200,0.4992,49.6,0.3164,74.8,0.00185,0.462,0.2928,0.2452
1528111500,0.4766,50.4,0.3141,79.4,0.00164,0.4502,0.2967,0.2531
1528111800,0.4315,50.1,0.3098,72.0,0.00114,0.4225,0.3033,0.2742
1528112100,0.4355,47.8,0.3077,70.6,0.00129,0.4169,0.2946,0.2885
1528112400,0.4732,46.0,0.3127,79.2,0.00154,0.427,0.2821,0.2909
1528112700,0.5284,47.4,0.323,81.8,0.00226,0.4446,0.2718,0.2836
1528113000,0.5338,50.0,0.3257,81.5,0.00204,0.4528,0.2763,0.2709
1528113300,0.521,51.7,0.3238,79.4,0.00189,0.4543,0.2824,0.2633
1528113600,0.5126,50.6,0.3193,80.3,0.00161,0.4648,0.2895,0.2457
1528113900,0.5031,50.0,0.3167,82.6,0.00211,0.466,0.2933,0.2407
1528114200,0.4922,49.5,0.3142,84.5,0.00113,0.4626,0.2953,0.2421
1528114500,0.4932,49.8,0.3147,75.1,0.00161,0.4622,0.2949,0.2429
1528114800,0.4941,51.0,0.3125,78.2,0.00124,0.46,0.2909,0.2491
1528115100,0.5012,52.0,0.315,84.6,0.00165,0.4579,0.2878,0.2543
1528115400,0.503,53.0,0.3169,79.4,0.00151,0.4561,0.2874,0.2565
1528115700,0.4966,53.1,0.3167,75.6,0.00139,0.4515,0.2879,0.2606
1528116000,0.4842,53.4,0.3157,82.1,0.00104,0.4424,0.2885,0.2691
1528116300,0.4595,51.8,0.3125,83.3,0.00211,0.426,0.2897,0.2843
1528116600,0.4631,49.8,0.3148,73.3,0.00123,0.4205,0.2858,0.2937
1528116900,0.496,48.6,0.3176,83.7,0.00127,0.4309,0.2759,0.2932
1528117200,0.5125,48.9,0.3199,85.6,0.00183,0.4384,0.2736,0.288
1528117500,0.5033,49.6,0.3175,71.1,0.00115,0.4393,0.2771,0.2835
1528117800,0.4772,48.9,0.3112,69.3,0.00157,0.4341,0.2831,0.2828
1528118100,0.4383,47.9,0.3046,80.4,0.00159,0.4109,0.2856,0.3035
1528118400,0.4232,46.6,0.3023,70.2,0.00164,0.3932,0.2809,0.3259
1528118700,0.4964,46.9,0.3132,86.2,0.00152,0.4151,0.2619,0.323
1528119000,0.5413,50.3,0.3245,76.4,0.00309,0.4255,0.2551,0.3194
1528119300,0.5329,53.0,0.3232,72.3,0.00255,0.4285,0.2599,0.3116
1528119600,0.5194,54.8,0.3214,84.8,0.00233,0.4268,0.2641,0.309
1528119900,0.5205,54.8,0.3216,91.2,0.00194,0.4319,0.2668,0.3013
1528120200,0.516,52.8,0.3206,82.4,0.00251,0.4393,0.2729,0.2878
1528120500,0.5006,51.0,0.3161,79.5,0.00156,0.4394,0.2775,0.2831
1528120800,0.4637,48.2,0.3078,82.2,0.00109,0.43,0.2854,0.2845
1528121100,0.5013,47.6,0.3122,81.7,0.0011,0.441,0.2746,0.2844
1528121400,0.5173,48.9,0.3175,82.1,0.00205,0.4409,0.2706,0.2885
1528121700,0.5077,49.6,0.3187,82.6,0.00159,0.4384,0.2752,0.2865
1528122000,0.4712,50.0,0.3148,77.1,0.00214,0.4249,0.2838,0.2913
1528122300,0.4206,48.6,0.3076,74.1,0.00103,0.3994,0.2921,0.3086
1528122600,0.4228,46.5,0.304,59.7,0.00175,0.3924,0.2822,0.3254
1528122900,0.4248,45.0,0.3045,81.6,0.00196,0.3787,0.2714,0.3499
1528123200,0.4382,45.0,0.3067,65.3,0.00227,0.3717,0.2601,0.3682
1528123500,0.4395,46.3,0.3104,76.2,0.00127,0.3579,0.2527,0.3894
1528123800,0.4611,47.6,0.318,78.8,0.00114,0.3513,0.2423,0.4064
1528124100,0.4806,49.1,0.3277,79.6,0.00112,0.349,0.238,0.413
1528124400,0.4799,50.7,0.3277,73.0,0.00169,0.3528,0.2409,0.4062
1528124700,0.4618,51.8,0.3239,82.5,0.00159,0.3445,0.2417,0.4138
1528125000,0.4461,51.1,0.3196,83.1,0.00203,0.337,0.2414,0.4216
1528125300,0.4529,50.6,0.3225,79.8,0.00129,0.3397,0.2419,0.4184
1528125600,0.4351,50.3,0.3216,75.8,0.00122,0.3317,0.2452,0.4231
1528125900,0.4082,49.9,0.3162,75.5,0.00119,0.3191,0.2472,0.4337
1528126200,0.4224,50.7,0.3191,69.4,0.00101,0.3214,0.2428,0.4358
1528126500,0.4341,51.1,0.3212,78.3,0.00178,0.3228,0.2389,0.4383
1528126800,0.4357,50.4,0.3229,70.5,0.00107,0.3202,0.2373,0.4424
1528127100,0.436,48.9,0.324,92.0,0.00118,0.3231,0.2401,0.4368
1528127400,0.4357,48.5,0.3273,69.7,0.0011,0.3212,0.2413,0.4376
1528127700,0.4161,48.3,0.3256,71.5,0.0016,0.3118,0.244,0.4443
1528128000,0.4163,48.2,0.3215,68.0,0.0012,0.3086,0.2383,0.4531
1528128300,0.4089,48.5,0.3257,80.8,0.00126,0.2984,0.2377,0.4639
1528128600,0.4175,50.0,0.3258,71.3,0.00169,0.3016,0.2354,0.463
1528128900,0.4269,49.6,0.3258,75.2,0.00137,0.3114,0.2376,0.451
1528129200,0.4433,49.4,0.3371,72.5,0.00121,0.3127,0.2378,0.4495
1528129500,0.4569,50.4,0.3444,69.9,0.00132,0.3153,0.2377,0.447
1528129800,0.4571,50.5,0.3444,73.4,0.00165,0.3151,0.2374,0.4475
1528130100,0.4345,50.3,0.3371,89.9,0.00129,0.3053,0.2368,0.4579
1528130400,0.4487,48.0,0.3423,72.5,0.00187,0.3097,0.2363,0.454
1528130700,0.4601,48.4,0.347,70.4,0.00138,0.314,0.2368,0.4492
1528131000,0.4744,34.9,0.3267,79.0,0.00126,0.4305,0.2964,0.2731
1528131300,0.4748,35.3,0.3259,85.2,0.0017,0.4011,0.2753,0.3236
1528131600,0.4909,36.2,0.3331,60.9,0.00123,0.3923,0.2662,0.3415
1528131900,0.5281,37.3,0.3528,82.7,0.00186,0.3906,0.2609,0.3485
1528132200,0.5227,37.6,0.358,78.9,0.00179,0.3917,0.2683,0.3401
1528132500,0.529,37.6,0.3623,87.2,0.00198,0.3972,0.272,0.3308
1528132800,0.5306,36.6,0.3669,96.6,0.00245,0.3968,0.2744,0.3288
1528133100,0.517,36.2,0.3639,84.2,0.00154,0.3944,0.2776,0.328
1528133400,0.5327,35.9,0.3623,82.3,0.00234,0.4057,0.2759,0.3184
1528133700,0.5146,36.7,0.3551,83.0,0.00153,0.3911,0.2699,0.3391
1528134000,0.5367,35.4,0.3532,84.6,0.00246,0.3991,0.2627,0.3382
1528134300,0.5336,35.0,0.3586,85.3,0.00236,0.4005,0.2691,0.3304
1528134600,0.5368,35.4,0.3584,93.0,0.00288,0.3985,0.266,0.3355
1528134900,0.5078,35.1,0.3617,91.0,0.00147,0.3818,0.272,0.3462
1528135200,0.5046,35.8,0.3581,79.9,0.0016,0.3809,0.2703,0.3487
1528135500,0.5126,37.8,0.3612,87.9,0.00147,0.3834,0.2702,0.3464
1528135800,0.5308,38.2,0.3757,84.0,0.00235,0.3858,0.273,0.3412
1528136100,0.552,38.4,0.3775,83.4,0.00347,0.3954,0.2704,0.3341
1528136400,0.5381,36.8,0.363,82.4,0.00257,0.4011,0.2706,0.3283
1528136700,0.5416,37.2,0.37,72.5,0.00305,0.388,0.2651,0.3469
1528137000,0.539,36.1,0.3713,81.7,0.00287,0.3858,0.2657,0.3485
1528137300,0.5416,36.6,0.3693,88.2,0.00232,0.3888,0.2651,0.3461
1528137600,0.5483,35.0,0.3758,77.4,0.00264,0.3901,0.2674,0.3425
1528137900,0.5557,35.0,0.3861,81.2,0.00306,0.3898,0.2708,0.3394
1528138200,0.5488,35.1,0.378,86.2,0.00332,0.3902,0.2688,0.341
1528138500,0.5432,35.7,0.3774,76.9,0.00261,0.3903,0.2712,0.3385
1528138800,0.5355,35.5,0.3822,80.2,0.00261,0.3875,0.2766,0.3359
1528139100,0.5374,35.0,0.386,82.7,0.00214,0.3844,0.2761,0.3394
1528139400,0.5448,34.6,0.375,87.4,0.00243,0.3927,0.2703,0.3369
1528139700,0.5271,34.4,0.367,75.1,0.00223,0.388,0.2701,0.3419
1528140000,0.5235,35.9,0.3755,84.8,0.00186,0.3793,0.2721,0.3486
1528140300,0.4998,37.4,0.3769,82.1,0.00176,0.368,0.2775,0.3545
1528140600,0.5029,38.3,0.38,88.8,0.00149,0.3659,0.2765,0.3576
1528140900,0.4866,38.1,0.3683,83.4,0.00102,0.3619,0.2739,0.3643
1528141200,0.4988,37.8,0.3666,82.6,0.00123,0.3686,0.2709,0.3605
1528141500,0.5246,37.9,0.3698,83.8,0.00254,0.3785,0.2668,0.3547
1528141800,0.517,37.9,0.3691,70.4,0.00197,0.3774,0.2694,0.3532
1528142100,0.5192,36.0,0.3526,89.3,0.00188,0.3943,0.2678,0.3379
1528142400,0.4899,35.1,0.3415,75.2,0.00128,0.3846,0.2681,0.3474
1528142700,0.5115,35.9,0.3556,83.9,0.00144,0.3812,0.265,0.3538
1528143000,0.4889,36.6,0.3501,72.6,0.0015,0.3752,0.2687,0.3561
1528143300,0.5,36.7,0.3545,74.8,0.00105,0.384,0.2722,0.3438
1528143600,0.4907,38.2,0.3577,81.1,0.002,0.3752,0.2735,0.3513
1528143900,0.5068,38.4,0.357,84.4,0.00126,0.3785,0.2666,0.3549
1528144200,0.5152,39.6,0.3646,89.8,0.00167,0.3704,0.2621,0.3675
1528144500,0.5141,39.4,0.3674,75.2,0.00175,0.3722,0.266,0.3619
1528144800,0.5133,39.2,0.3796,75.7,0.00151,0.3689,0.2728,0.3582
1528145100,0.5265,38.7,0.3745,77.7,0.00186,0.3819,0.2717,0.3464
1528145400,0.5516,38.7,0.3753,81.5,0.00267,0.3852,0.2621,0.3526
1528145700,0.555,37.9,0.3709,83.0,0.00295,0.3919,0.2619,0.3463
1528146000,0.5559,37.0,0.3778,83.9,0.00411,0.3897,0.2649,0.3454
1528146300,0.5558,37.9,0.3816,80.3,0.00353,0.389,0.2671,0.3439
1528146600,0.5492,38.1,0.3744,89.5,0.0025,0.3927,0.2677,0.3395
1528146900,0.563,39.4,0.3817,86.2,0.00312,0.3907,0.2649,0.3444
1528147200,0.5532,39.3,0.3718,80.0,0.00344,0.4009,0.2694,0.3297
1528147500,0.4957,39.1,0.3271,81.9,0.00112,0.4159,0.2745,0.3096
1528147800,0.4936,38.6,0.3222,80.9,0.0014,0.4134,0.2698,0.3168
1528148100,0.4923,38.1,0.3219,70.4,0.00172,0.4073,0.2663,0.3264
1528148400,0.4906,39.8,0.3304,78.9,0.00142,0.3787,0.255,0.3663
1528148700,0.4942,39.0,0.3365,74.6,0.00165,0.3737,0.2544,0.3719
1528149000,0.4717,38.4,0.3218,78.6,0.00148,0.3771,0.2572,0.3657
1528149300,0.4723,40.7,0.3326,77.8,0.00186,0.3651,0.2571,0.3778
1528149600,0.4901,41.7,0.3477,72.6,0.00108,0.3574,0.2536,0.389
1528149900,0.4796,41.7,0.3478,85.0,0.00133,0.3482,0.2525,0.3993
1528150200,0.4762,40.1,0.3531,69.7,0.00105,0.3416,0.2533,0.4051
1528150500,0.4842,41.8,0.3536,82.7,0.00156,0.3431,0.2506,0.4063
1528150800,0.4841,42.5,0.3439,81.9,0.00107,0.3478,0.2471,0.4052
1528151100,0.5033,43.8,0.355,89.1,0.0012,0.3488,0.246,0.4052
1528151400,0.4806,45.2,0.3577,69.5,0.00134,0.3328,0.2477,0.4194
1528151700,0.4861,44.5,0.3577,82.3,0.00161,0.3351,0.2466,0.4183
1528152000,0.4874,43.5,0.3548,80.8,0.00115,0.3399,0.2474,0.4127
1528152300,0.4953,42.5,0.3508,81.3,0.00139,0.3448,0.2442,0.411
1528152600,0.4932,42.1,0.3514,83.6,0.0017,0.3438,0.245,0.4112
1528152900,0.4885,41.3,0.349,77.9,0.00139,0.3468,0.2477,0.4055
1528153200,0.4943,40.5,0.339,75.9,0.00109,0.3601,0.2469,0.393
1528153500,0.491,39.8,0.3368,76.8,0.00116,0.3604,0.2472,0.3924
1528153800,0.4735,40.2,0.332,84.4,0.00197,0.3533,0.2477,0.399
1528154100,0.4887,39.3,0.3258,77.2,0.00138,0.372,0.248,0.3801
1528154400,0.4803,39.3,0.3257,78.8,0.00113,0.3675,0.2492,0.3833
1528154700,0.4651,39.6,0.3172,76.3,0.00129,0.3651,0.249,0.3859
1528155000,0.4796,40.0,0.3189,81.8,0.00159,0.3658,0.2432,0.391
1528155300,0.4976,40.6,0.3197,75.2,0.00114,0.3668,0.2357,0.3975
1528155600,0.4983,41.3,0.3167,72.6,0.00137,0.3684,0.2341,0.3975
1528155900,0.5125,41.9,0.3217,81.2,0.0017,0.3738,0.2346,0.3916
1528156200,0.5033,42.1,0.3219,88.8,0.00156,0.3645,0.2331,0.4024
1528156500,0.5002,42.5,0.3186,74.5,0.0012,0.3597,0.2291,0.4112
1528156800,0.4928,42.5,0.3136,86.5,0.0013,0.3624,0.2306,0.407
1528157100,0.5098,42.1,0.3228,84.5,0.00135,0.365,0.2311,0.4039
1528157400,0.5074,42.1,0.3243,77.9,0.00134,0.3728,0.2382,0.389
1528157700,0.5125,41.9,0.3259,82.0,0.00217,0.3753,0.2386,0.3861
1528158000,0.5016,41.5,0.3145,78.7,0.00144,0.3889,0.2439,0.3672
1528158300,0.5114,41.2,0.3198,71.6,0.00158,0.3998,0.25,0.3502
1528158600,0.5119,41.2,0.3139,84.1,0.002,0.402,0.2465,0.3515
1528158900,0.5165,41.4,0.3146,81.3,0.00159,0.4021,0.2449,0.3529
1528159200,0.5156,41.9,0.3196,78.0,0.0019,0.3987,0.2471,0.3542
1528159500,0.4796,42.8,0.3116,76.4,0.00107,0.3903,0.2535,0.3562
1528159800,0.4872,42.8,0.3147,78.6,0.00152,0.3962,0.2559,0.3479
1528160100,0.4999,42.9,0.3147,80.1,0.00164,0.399,0.2512,0.3498
1528160400,0.508,44.0,0.3209,83.0,0.00152,0.3892,0.2458,0.365
1528160700,0.5077,44.7,0.3245,72.3,0.00173,0.3835,0.2451,0.3713
1528161000,0.484,46.2,0.318,73.9,0.00107,0.38,0.2497,0.3703
1528161300,0.4876,47.2,0.3206,78.4,0.00151,0.3819,0.2511,0.367
1528161600,0.4785,47.4,0.3174,77.7,0.00128,0.3782,0.2509,0.3709
1528161900,0.4746,47.3,0.3209,75.6,0.00129,0.3684,0.2491,0.3825
1528162200,0.4856,47.1,0.3251,82.1,0.00136,0.364,0.2437,0.3924
1528162500,0.4761,47.5,0.3254,81.8,0.00125,0.3552,0.2428,0.402
1528162800,0.4765,46.6,0.308,79.0,0.00137,0.3776,0.2441,0.3784
1528163100,0.5043,47.8,0.3052,81.8,0.00185,0.3941,0.2385,0.3675
1528163400,0.5291,40.1,0.3087,91.4,0.00206,0.4576,0.267,0.2754
1528163700,0.5421,40.8,0.3148,73.0,0.00283,0.4602,0.2672,0.2725
1528164000,0.5551,40.6,0.3211,80.6,0.00295,0.4719,0.273,0.2551
1528164300,0.553,38.3,0.3235,89.4,0.00351,0.4653,0.2722,0.2625
1528164600,0.5484,37.7,0.324,87.2,0.00273,0.4554,0.2691,0.2755
1528164900,0.5401,37.1,0.318,84.6,0.00287,0.4748,0.2795,0.2457
1528165200,0.5356,37.8,0.3128,83.7,0.00234,0.4686,0.2737,0.2578
1528165500,0.5339,38.7,0.3121,81.2,0.00305,0.4642,0.2714,0.2644
1528165800,0.5297,37.2,0.3078,83.4,0.00217,0.4826,0.2804,0.237
1528166100,0.5045,35.8,0.3097,78.8,0.00123,0.4634,0.2845,0.2521
1528166400,0.5092,37.0,0.3135,81.3,0.00148,0.453,0.2789,0.2681
1528166700,0.5089,38.1,0.3161,78.0,0.00168,0.4454,0.2766,0.278
1528167000,0.5034,38.8,0.3164,90.6,0.00133,0.4406,0.2769,0.2824
1528167300,0.5043,38.5,0.3189,76.2,0.00215,0.4418,0.2794,0.2789
1528167600,0.5102,38.8,0.3204,80.8,0.00151,0.4427,0.278,0.2793
1528167900,0.5051,38.0,0.3223,87.5,0.00237,0.4373,0.279,0.2836
1528168200,0.5031,36.4,0.322,82.8,0.00157,0.4394,0.2812,0.2794
1528168500,0.4989,36.5,0.3218,78.9,0.00167,0.4364,0.2815,0.2822
1528168800,0.5013,36.8,0.3217,90.0,0.00105,0.4379,0.281,0.2811
1528169100,0.4985,37.2,0.3218,81.3,0.0013,0.4364,0.2817,0.2818
1528169400,0.4919,35.8,0.3202,87.7,0.00101,0.4391,0.2858,0.2751
1528169700,0.4914,35.2,0.3191,74.8,0.00162,0.4396,0.2855,0.275
1528170000,0.4964,35.5,0.3184,82.4,0.00131,0.4403,0.2824,0.2774
1528170300,0.5095,36.3,0.3205,78.7,0.00131,0.4435,0.279,0.2775
1528170600,0.5103,36.9,0.319,83.7,0.00139,0.4416,0.2761,0.2823
1528170900,0.5121,37.4,0.3194,76.2,0.0014,0.4423,0.2759,0.2818
1528171200,0.5171,38.2,0.3204,85.3,0.00205,0.4449,0.2757,0.2794
1528171500,0.5111,36.7,0.3178,78.1,0.00186,0.4498,0.2797,0.2705
1528171800,0.4896,37.2,0.3146,85.1,0.00253,0.4471,0.2873,0.2656
1528172100,0.5014,37.5,0.3146,76.2,0.00112,0.4439,0.2785,0.2776
1528172400,0.4856,37.9,0.3098,76.8,0.00159,0.4327,0.276,0.2913
1528172700,0.4995,39.0,0.3166,73.2,0.00143,0.4282,0.2714,0.3005
1528173000,0.4921,40.0,0.3142,80.8,0.00166,0.425,0.2713,0.3037
1528173300,0.4742,40.0,0.3083,76.6,0.00143,0.4131,0.2686,0.3184
1528173600,0.4712,40.5,0.3033,76.5,0.001,0.4026,0.2592,0.3382
1528173900,0.472,42.6,0.3016,78.2,0.0018,0.3858,0.2465,0.3677
1528174200,0.4863,46.5,0.3027,69.7,0.00129,0.3713,0.2311,0.3977
1528174500,0.5032,49.9,0.3053,76.4,0.00139,0.3643,0.221,0.4147
1528174800,0.5016,51.5,0.3088,76.1,0.00139,0.3517,0.2165,0.4318
1528175100,0.5112,53.0,0.3169,82.4,0.00179,0.3409,0.2113,0.4477
1528175400,0.5018,55.6,0.316,72.9,0.00118,0.3397,0.2139,0.4464
1528175700,0.5063,55.5,0.3194,77.5,0.00124,0.3383,0.2134,0.4483
1528176000,0.5116,56.0,0.3186,76.5,0.00156,0.3377,0.2103,0.4519
1528176300,0.5162,56.1,0.3179,85.3,0.00176,0.3376,0.2079,0.4546
1528176600,0.5292,56.2,0.3256,74.9,0.00242,0.3397,0.209,0.4513
1528176900,0.5257,56.5,0.3257,74.3,0.00213,0.3373,0.209,0.4538
1528177200,0.5292,56.5,0.3288,79.8,0.00277,0.3385,0.2103,0.4512
1528177500,0.5249,56.3,0.3275,83.5,0.00226,0.3383,0.2111,0.4506
1528177800,0.5157,52.7,0.3175,80.7,0.00253,0.3433,0.2113,0.4454
1528178100,0.5323,53.1,0.3208,82.3,0.00282,0.3435,0.207,0.4495
1528178400,0.5337,52.7,0.3289,80.4,0.00207,0.3374,0.2079,0.4547
1528178700,0.5438,52.3,0.3362,85.8,0.00244,0.339,0.2096,0.4515
1528179000,0.5405,52.0,0.3319,88.0,0.00294,0.3388,0.208,0.4532
1528179300,0.5392,51.8,0.3284,80.6,0.00308,0.3393,0.2067,0.454
1528179600,0.5307,51.2,0.3255,90.8,0.00262,0.3384,0.2076,0.454
1528179900,0.5282,49.6,0.3229,77.2,0.00214,0.347,0.2121,0.4409
1528180200,0.523,49.5,0.3169,82.4,0.00182,0.3486,0.2112,0.4402
1528180500,0.5252,49.9,0.3215,81.5,0.00261,0.3459,0.2117,0.4424
1528180800,0.5509,50.0,0.334,98.3,0.00276,0.3615,0.2191,0.4194
1528181100,0.5592,48.8,0.3386,85.1,0.00369,0.3751,0.2271,0.3978
1528181400,0.5492,47.2,0.3324,76.9,0.00264,0.394,0.2384,0.3676
1528181700,0.5238,44.0,0.3272,75.4,0.00255,0.4166,0.2602,0.3232
1528182000,0.5209,44.0,0.3273,83.1,0.00259,0.43,0.2702,0.2998
1528182300,0.5142,43.7,0.3279,80.4,0.00204,0.4328,0.276,0.2912
1528182600,0.5114,42.8,0.3266,82.8,0.00138,0.4377,0.2795,0.2828
1528182900,0.5132,42.5,0.3236,76.3,0.00177,0.4473,0.282,0.2707
1528183200,0.5033,41.6,0.3222,84.4,0.00118,0.4465,0.2858,0.2677
1528183500,0.5065,40.2,0.3216,76.5,0.00124,0.4528,0.2875,0.2597
1528183800,0.4989,38.3,0.3155,83.3,0.00167,0.4714,0.2981,0.2305
1528184100,0.4896,39.3,0.3215,74.4,0.00192,0.4534,0.2977,0.2489
1528184400,0.4946,40.2,0.3266,75.1,0.00114,0.4312,0.2847,0.2841
1528184700,0.4961,41.4,0.3275,86.6,0.00126,0.4367,0.2883,0.2749
1528185000,0.4953,40.8,0.3289,86.8,0.00144,0.4331,0.2876,0.2794
1528185300,0.4948,39.5,0.329,74.3,0.00122,0.434,0.2886,0.2774
1528185600,0.4921,39.7,0.3274,76.8,0.00116,0.4355,0.2898,0.2747
1528185900,0.478,40.1,0.3254,76.5,0.00145,0.4299,0.2926,0.2775
1528186200,0.4848,41.2,0.3271,72.0,0.00158,0.4287,0.2892,0.2821
1528186500,0.4909,42.3,0.3286,81.7,0.00172,0.4283,0.2867,0.2851
1528186800,0.4852,42.5,0.33,79.3,0.00107,0.4193,0.2852,0.2955
1528187100,0.4437,41.9,0.3234,72.8,0.00171,0.4053,0.2954,0.2993
1528187400,0.4745,40.8,0.3203,69.4,0.00154,0.4307,0.2908,0.2785
1528187700,0.4984,40.3,0.3225,91.9,0.00193,0.4367,0.2826,0.2808
1528188000,0.4911,40.6,0.3233,80.1,0.00102,0.4332,0.2852,0.2816
1528188300,0.4851,42.2,0.3225,85.8,0.00118,0.4277,0.2843,0.288
1528188600,0.49,42.8,0.3243,82.9,0.00187,0.4258,0.2818,0.2924
1528188900,0.4834,42.1,0.3228,73.9,0.00137,0.4264,0.2848,0.2888
1528189200,0.4899,43.0,0.3251,71.0,0.00106,0.4203,0.2789,0.3008
1528189500,0.4808,43.0,0.3247,73.2,0.0014,0.4135,0.2793,0.3072
1528189800,0.4853,43.3,0.3225,75.6,0.00132,0.4197,0.2789,0.3014
1528190100,0.4878,44.4,0.3248,73.0,0.00137,0.4149,0.2763,0.3088
1528190400,0.4806,44.7,0.3239,87.3,0.00103,0.4097,0.2761,0.3142
1528190700,0.4268,44.1,0.3155,78.3,0.00153,0.3899,0.2882,0.3219
1528191000,0.4038,43.8,0.3102,81.1,0.00201,0.3693,0.2837,0.3471
1528191300,0.4542,44.9,0.313,68.4,0.00164,0.3813,0.2628,0.356
1528191600,0.4706,46.4,0.317,70.8,0.00145,0.3872,0.2608,0.3519
1528191900,0.4497,48.1,0.3171,67.2,0.00109,0.369,0.2602,0.3707
1528192200,0.5009,47.6,0.3233,82.5,0.00155,0.3879,0.2503,0.3618
1528192500,0.5334,50.0,0.333,77.3,0.00241,0.3997,0.2495,0.3508
1528192800,0.5009,48.0,0.324,93.2,0.00151,0.4146,0.2682,0.3171
1528193100,0.4868,49.6,0.324,84.8,0.00128,0.4078,0.2714,0.3207
1528193400,0.4821,44.8,0.325,82.7,0.00242,0.4082,0.2752,0.3165
1528193700,0.4785,45.8,0.3237,81.9,0.00165,0.4097,0.2772,0.3131
1528194000,0.4709,46.7,0.3231,74.6,0.00104,0.4053,0.2781,0.3166
1528194300,0.4638,46.5,0.3217,73.5,0.00201,0.402,0.2789,0.3191
1528194600,0.4452,46.1,0.3192,76.6,0.00127,0.3873,0.2777,0.335
1528194900,0.3932,41.8,0.3091,73.2,0.00189,0.3757,0.2954,0.3289
1528195200,0.3604,43.2,0.3045,65.9,0.00158,0.3351,0.2831,0.3817
1528195500,0.4008,45.6,0.3051,76.4,0.00112,0.3412,0.2598,0.399
1528195800,0.4407,50.5,0.3136,75.6,0.0012,0.3414,0.2429,0.4157
1528196100,0.4566,51.0,0.3256,79.6,0.00115,0.3337,0.2379,0.4284
1528196400,0.5212,53.1,0.3436,78.2,0.00185,0.3538,0.2332,0.413
1528196700,0.5334,53.3,0.3417,75.3,0.00248,0.3763,0.241,0.3827
1528197000,0.5247,53.5,0.3389,83.3,0.00239,0.3822,0.2468,0.371
1528197300,0.4999,53.2,0.3335,75.5,0.0011,0.378,0.2522,0.3698
1528197600,0.454,51.7,0.324,73.7,0.00153,0.3632,0.2592,0.3775
1528197900,0.4322,50.1,0.3167,77.1,0.00128,0.3557,0.2606,0.3837
1528198200,0.4421,49.4,0.3201,77.8,0.00158,0.3526,0.2553,0.3922
1528198500,0.4656,49.3,0.3229,74.4,0.00128,0.3572,0.2477,0.3951
1528198800,0.4681,49.7,0.323,76.2,0.00115,0.3539,0.2442,0.4019
1528199100,0.4747,50.2,0.3261,85.0,0.0015,0.3578,0.2458,0.3965
1528199400,0.5261,49.7,0.3365,82.2,0.00235,0.3783,0.242,0.3798
1528199700,0.4736,47.4,0.3248,82.0,0.0014,0.3824,0.2623,0.3553
1528200000,0.4528,49.9,0.319,73.1,0.0016,0.3703,0.2609,0.3689
1528200300,0.4686,51.1,0.3214,78.2,0.00102,0.3713,0.2547,0.374
1528200600,0.4704,50.3,0.3239,77.2,0.00112,0.3718,0.256,0.3722
1528200900,0.4689,54.2,0.324,86.7,0.00179,0.3715,0.2567,0.3718
1528201200,0.4797,54.5,0.3238,77.0,0.00139,0.3757,0.2536,0.3706
1528201500,0.4859,55.5,0.3247,84.9,0.00127,0.3758,0.2511,0.3731
1528201800,0.4892,56.3,0.3253,81.2,0.00173,0.3766,0.2504,0.3729
1528202100,0.4773,55.8,0.3234,71.5,0.00125,0.3756,0.2545,0.37
1528202400,0.4547,51.1,0.3197,79.4,0.00136,0.3693,0.2596,0.3711
1528202700,0.4685,52.4,0.3195,76.7,0.00122,0.3778,0.2577,0.3645
1528203000,0.4735,54.9,0.3211,72.5,0.00152,0.3772,0.2558,0.367
1528203300,0.4737,56.4,0.3228,79.9,0.00118,0.3732,0.2543,0.3724
1528203600,0.4757,56.4,0.324,75.1,0.0014,0.3719,0.2533,0.3747
1528203900,0.4608,55.5,0.3223,77.9,0.0015,0.3661,0.256,0.3779
1528204200,0.4594,55.2,0.3209,80.8,0.0011,0.3649,0.2549,0.3802
1528204500,0.4901,55.6,0.3243,80.9,0.00128,0.3775,0.2498,0.3727
1528204800,0.4871,56.4,0.3248,81.4,0.00152,0.3737,0.2492,0.3772
1528205100,0.4632,55.8,0.3219,74.7,0.00107,0.3625,0.2519,0.3855
1528205400,0.4597,55.1,0.3217,74.9,0.00102,0.359,0.2512,0.3898
1528205700,0.492,55.9,0.3254,75.5,0.00111,0.3746,0.2478,0.3776
1528206000,0.4845,55.9,0.3231,79.4,0.00159,0.3775,0.2517,0.3708
1528206300,0.4546,54.0,0.3186,75.5,0.00125,0.3722,0.2608,0.367
1528206600,0.4616,55.6,0.3182,77.8,0.00119,0.3843,0.2649,0.3508
1528206900,0.4835,55.8,0.3193,76.7,0.00105,0.3887,0.2567,0.3546
1528207200,0.4757,53.1,0.3165,92.2,0.0011,0.3884,0.2584,0.3532
1528207500,0.4772,54.7,0.3191,75.7,0.00221,0.3852,0.2576,0.3573
1528207800,0.4712,54.9,0.3184,81.6,0.00113,0.3797,0.2566,0.3637
1528208100,0.4581,54.1,0.3191,79.2,0.00125,0.3695,0.2574,0.3731
1528208400,0.4247,52.6,0.3179,73.1,0.0016,0.345,0.2583,0.3967
1528208700,0.4043,50.6,0.3099,71.3,0.00119,0.3405,0.261,0.3986
1528209000,0.4502,51.0,0.3175,78.4,0.0014,0.3503,0.2471,0.4026
1528209300,0.4986,52.3,0.3302,79.1,0.00153,0.3597,0.2382,0.4021
1528209600,0.5281,55.0,0.3387,79.7,0.002,0.3705,0.2376,0.3919
1528209900,0.5094,55.9,0.3307,73.2,0.00153,0.3777,0.2452,0.3771
1528210200,0.4813,55.3,0.3207,91.7,0.00105,0.3818,0.2544,0.3638
1528210500,0.4816,54.3,0.3164,73.2,0.00113,0.3889,0.2555,0.3556
1528210800,0.4924,52.6,0.3178,75.9,0.0011,0.403,0.2601,0.3368
1528211100,0.4907,53.1,0.3201,90.0,0.00121,0.3954,0.2579,0.3467
1528211400,0.4913,53.3,0.3227,75.3,0.0019,0.3914,0.2571,0.3516
1528211700,0.4874,53.4,0.3252,70.8,0.00115,0.3848,0.2568,0.3584
1528212000,0.4987,53.8,0.3259,87.5,0.00187,0.3874,0.2532,0.3594
1528212300,0.4903,53.9,0.3259,71.2,0.0012,0.3853,0.2561,0.3585
1528212600,0.497,54.6,0.3276,77.4,0.00114,0.3869,0.255,0.3581
1528212900,0.4907,54.2,0.3248,89.2,0.00128,0.389,0.2575,0.3536
1528213200,0.4435,53.7,0.3168,69.5,0.00109,0.3714,0.2653,0.3633
1528213500,0.4084,52.0,0.3129,77.3,0.00171,0.3495,0.2678,0.3827
1528213800,0.4065,49.8,0.3161,67.0,0.00114,0.3348,0.2603,0.4049
1528214100,0.4269,48.7,0.3172,73.1,0.00148,0.3351,0.249,0.4159
1528214400,0.423,48.9,0.3203,79.0,0.00109,0.3247,0.2459,0.4294
1528214700,0.4291,50.3,0.3181,73.1,0.00112,0.3213,0.2382,0.4406
1528215000,0.463,51.1,0.319,78.9,0.00117,0.3352,0.231,0.4338
1528215300,0.4819,52.4,0.3261,88.2,0.00115,0.3326,0.2251,0.4423
1528215600,0.4671,52.7,0.3251,85.6,0.00187,0.3254,0.2265,0.4482
1528215900,0.4662,52.7,0.3244,74.4,0.00105,0.3247,0.2259,0.4493
1528216200,0.4818,53.3,0.327,71.7,0.00153,0.3307,0.2245,0.4448
1528216500,0.468,52.8,0.3251,71.4,0.00134,0.3235,0.2247,0.4518
1528216800,0.4592,53.2,0.3267,74.9,0.00112,0.3132,0.2228,0.464
1528217100,0.4717,52.2,0.3262,78.0,0.0012,0.3179,0.2199,0.4622
1528217400,0.4822,52.7,0.3344,80.3,0.00148,0.3184,0.2208,0.4607
1528217700,0.4854,53.2,0.3361,79.8,0.001,0.3172,0.2196,0.4632
1528218000,0.4962,53.2,0.3398,94.3,0.00163,0.3182,0.2179,0.4639
1528218300,0.5089,53.6,0.3456,91.0,0.00158,0.3218,0.2185,0.4597
1528218600,0.4969,54.3,0.348,74.1,0.00128,0.3161,0.2213,0.4626
1528218900,0.4776,53.6,0.3404,81.3,0.00315,0.3108,0.2215,0.4676
1528219200,0.4777,52.6,0.3406,85.6,0.00127,0.3137,0.2237,0.4627
1528219500,0.4755,52.9,0.3363,68.8,0.00128,0.3131,0.2214,0.4655
1528219800,0.4712,52.4,0.3327,78.9,0.00147,0.3118,0.2201,0.4681
1528220100,0.4745,36.0,0.2945,77.6,0.00105,0.484,0.3004,0.2156
1528220400,0.5199,38.5,0.3152,82.0,0.00204,0.4274,0.2591,0.3135
1528220700,0.5139,41.1,0.3099,80.1,0.00142,0.435,0.2624,0.3026
1528221000,0.4983,42.5,0.3114,88.4,0.00128,0.4187,0.2617,0.3196
1528221300,0.5168,42.8,0.3262,75.8,0.00191,0.4096,0.2585,0.3319
1528221600,0.5358,43.3,0.3437,90.1,0.00277,0.4026,0.2583,0.3391
1528221900,0.5123,43.5,0.3428,72.5,0.00179,0.3855,0.258,0.3565
1528222200,0.5376,44.5,0.3547,93.4,0.0024,0.3879,0.256,0.3561
1528222500,0.5259,44.5,0.3463,87.2,0.00193,0.3813,0.2511,0.3676
1528222800,0.5282,44.7,0.3536,88.0,0.00188,0.3731,0.2498,0.3772
1528223100,0.5268,45.0,0.3489,83.7,0.00285,0.3685,0.2441,0.3874
1528223400,0.5189,44.1,0.3416,87.9,0.00234,0.3781,0.2489,0.3729
1528223700,0.5134,44.8,0.3253,86.5,0.0017,0.3942,0.2498,0.356
1528224000,0.5111,45.2,0.3223,86.6,0.00192,0.3939,0.2484,0.3577
1528224300,0.5336,45.7,0.3327,80.1,0.0022,0.3876,0.2417,0.3708
1528224600,0.5278,46.9,0.3341,82.7,0.00262,0.3768,0.2385,0.3847
1528224900,0.539,46.6,0.3354,74.5,0.00299,0.3727,0.2319,0.3954
1528225200,0.5272,46.0,0.3259,84.9,0.0021,0.363,0.2244,0.4126
1528225500,0.5368,44.7,0.324,82.8,0.00254,0.3644,0.2199,0.4157
1528225800,0.5363,45.0,0.3219,84.3,0.00238,0.3609,0.2166,0.4226
1528226100,0.5178,44.2,0.3187,79.1,0.00159,0.3543,0.2181,0.4276
1528226400,0.5101,45.2,0.3107,81.7,0.00165,0.3521,0.2144,0.4335
1528226700,0.5072,45.1,0.3115,74.1,0.00181,0.3415,0.2098,0.4487
1528227000,0.515,44.8,0.3099,75.8,0.00174,0.3473,0.209,0.4437
1528227300,0.5058,45.8,0.3124,80.2,0.00121,0.337,0.2081,0.4549
1528227600,0.4942,45.9,0.3133,73.6,0.00135,0.3258,0.2066,0.4676
1528227900,0.5121,46.3,0.3197,82.6,0.00173,0.3297,0.2058,0.4645
1528228200,0.5077,46.4,0.3145,82.3,0.00176,0.3281,0.2033,0.4686
1528228500,0.512,46.3,0.3174,79.6,0.0021,0.3291,0.204,0.4669
1528228800,0.5142,45.9,0.3195,73.3,0.0019,0.3314,0.2059,0.4627
1528229100,0.5324,46.4,0.3298,80.8,0.00228,0.3362,0.2082,0.4556
1528229400,0.5192,46.5,0.3281,74.0,0.00211,0.3307,0.209,0.4602
1528229700,0.5127,46.3,0.321,86.9,0.00176,0.3301,0.2066,0.4633
1528230000,0.4888,45.9,0.309,76.3,0.00197,0.3282,0.2075,0.4643
1528230300,0.4786,46.6,0.2993,80.9,0.00163,0.3241,0.2027,0.4733
1528230600,0.4675,47.3,0.3034,74.1,0.00113,0.3136,0.2035,0.4829
1528230900,0.4772,47.7,0.3118,76.8,0.0012,0.3106,0.2029,0.4865
1528231200,0.4534,46.8,0.3044,76.6,0.00122,0.3008,0.202,0.4972
1528231500,0.4564,45.6,0.3086,76.4,0.00148,0.2955,0.1998,0.5048
1528231800,0.4493,45.5,0.3109,75.0,0.00185,0.2886,0.1997,0.5116
1528232100,0.4536,45.0,0.3219,81.9,0.00162,0.2855,0.2026,0.5118
1528232400,0.4486,44.6,0.3184,77.5,0.00187,0.2864,0.2033,0.5103
1528232700,0.4512,42.4,0.3168,75.0,0.0015,0.2864,0.2011,0.5125
1528233000,0.4462,41.4,0.316,82.3,0.00128,0.2837,0.2009,0.5153
1528233300,0.4647,40.9,0.3196,78.5,0.00103,0.2871,0.1975,0.5155
1528233600,0.4646,39.2,0.3175,76.8,0.00157,0.2879,0.1968,0.5153
1528233900,0.4793,37.8,0.3238,66.7,0.00153,0.292,0.1973,0.5107
1528234200,0.5,38.2,0.3344,82.9,0.00109,0.2931,0.196,0.5109
1528234500,0.5021,39.0,0.3375,79.6,0.00147,0.2905,0.1953,0.5142
1528234800,0.5038,39.1,0.3355,81.1,0.00177,0.2899,0.1931,0.517
1528235100,0.5107,39.1,0.335,77.1,0.00157,0.2923,0.1918,0.5159
1528235400,0.4937,39.1,0.3265,86.6,0.00156,0.2889,0.191,0.5201
1528235700,0.4957,38.6,0.3211,79.8,0.00124,0.2956,0.1915,0.5129
1528236000,0.4892,39.7,0.3151,77.4,0.00123,0.2917,0.1879,0.5204
1528236300,0.4674,40.8,0.3037,77.3,0.00139,0.2855,0.1855,0.5291
1528236600,0.454,42.9,0.2936,76.9,0.001,0.2847,0.1841,0.5312
1528236900,0.4596,43.4,0.2941,73.9,0.00207,0.2868,0.1835,0.5297
1528237200,0.4532,43.2,0.2934,78.3,0.00113,0.275,0.178,0.547
1528237500,0.4673,44.7,0.2996,67.0,0.00179,0.2788,0.1787,0.5425
1528237800,0.4698,44.9,0.3013,82.9,0.0014,0.2798,0.1794,0.5408
1528238100,0.5043,44.9,0.3126,82.5,0.00165,0.2864,0.1776,0.536
1528238400,0.5115,45.2,0.3059,82.5,0.00142,0.2964,0.1772,0.5264
1528238700,0.4916,45.1,0.3043,79.4,0.00195,0.2882,0.1784,0.5333
1528239000,0.4918,44.6,0.3086,71.6,0.00171,0.2883,0.1809,0.5308
1528239300,0.4772,43.3,0.3022,81.2,0.00151,0.2781,0.1761,0.5458
1528239600,0.4744,42.9,0.2989,79.8,0.00112,0.2838,0.1788,0.5374
1528239900,0.4833,43.3,0.299,72.8,0.00112,0.2827,0.1749,0.5424
1528240200,0.4878,43.5,0.2998,81.4,0.00124,0.2867,0.1762,0.5371
1528240500,0.4873,44.3,0.3027,79.2,0.0013,0.2852,0.1771,0.5377
1528240800,0.4791,45.5,0.2997,85.5,0.0012,0.283,0.1771,0.5399
1528241100,0.479,45.7,0.2973,83.9,0.00146,0.2878,0.1786,0.5336
1528241400,0.4944,44.8,0.3036,76.4,0.00156,0.3946,0.2423,0.3632
1528241700,0.4955,46.1,0.2989,76.6,0.00122,0.405,0.2443,0.3507
1528242000,0.5162,46.5,0.3006,83.8,0.00158,0.4172,0.2429,0.3399
1528242300,0.5064,46.1,0.298,77.0,0.00145,0.4097,0.2411,0.3492
1528242600,0.4847,45.1,0.2928,69.9,0.00128,0.3775,0.2281,0.3944
1528242900,0.4717,42.2,0.2878,73.4,0.00123,0.4026,0.2456,0.3518
1528243200,0.4891,44.8,0.297,75.2,0.00187,0.3997,0.2427,0.3576
1528243500,0.4763,44.4,0.2987,71.8,0.00101,0.3948,0.2476,0.3576
1528243800,0.4758,44.6,0.301,74.8,0.00145,0.3907,0.2472,0.3621
1528244100,0.4876,45.0,0.3018,81.2,0.00124,0.4017,0.2486,0.3497
1528244400,0.4998,46.4,0.3074,84.3,0.00104,0.3973,0.2443,0.3584
1528244700,0.479,46.6,0.3094,68.1,0.00103,0.3821,0.2468,0.3711
1528245000,0.4935,42.3,0.3049,83.7,0.00114,0.4561,0.2818,0.2621
1528245300,0.4848,45.2,0.3038,74.2,0.00116,0.4428,0.2775,0.2797
1528245600,0.4745,45.0,0.3038,77.8,0.00157,0.4419,0.2829,0.2752
1528245900,0.4801,41.7,0.3014,75.0,0.00174,0.4673,0.2933,0.2394
1528246200,0.4772,39.9,0.2986,79.7,0.00132,0.4715,0.295,0.2335
1528246500,0.4778,40.3,0.2986,79.1,0.00113,0.4709,0.2943,0.2348
1528246800,0.4709,40.2,0.2955,74.8,0.0012,0.4768,0.2992,0.224
1528247100,0.4711,41.3,0.2973,77.7,0.00132,0.4699,0.2966,0.2335
1528247400,0.4781,41.8,0.298,70.7,0.00169,0.4735,0.2952,0.2313
1528247700,0.4885,43.9,0.3031,75.5,0.00106,0.454,0.2817,0.2643
1528248000,0.5052,46.2,0.3076,77.7,0.00129,0.4428,0.2696,0.2875
1528248300,0.4893,43.9,0.3019,88.8,0.00104,0.4512,0.2784,0.2705
1528248600,0.4798,44.9,0.3035,74.4,0.0015,0.4161,0.2632,0.3206
1528248900,0.4833,46.4,0.3079,72.5,0.00122,0.4042,0.2575,0.3383
1528249200,0.4905,45.9,0.306,70.8,0.00118,0.4157,0.2593,0.325
1528249500,0.5152,45.7,0.3081,86.5,0.00193,0.4278,0.2558,0.3164
1528249800,0.5189,46.2,0.3071,73.6,0.00175,0.4429,0.2621,0.2949
1528250100,0.5209,46.4,0.3056,86.2,0.00185,0.4543,0.2665,0.2792
1528250400,0.5252,46.1,0.3067,79.0,0.00205,0.4464,0.2607,0.2929
1528250700,0.527,46.5,0.3072,82.1,0.00191,0.4394,0.2562,0.3044
1528251000,0.5209,44.6,0.3053,75.8,0.00288,0.4446,0.2606,0.2948
1528251300,0.4847,41.6,0.2994,76.0,0.00101,0.4294,0.2653,0.3053
1528251600,0.5013,43.6,0.3012,80.7,0.00117,0.4257,0.2558,0.3186
1528251900,0.5312,44.1,0.3065,89.4,0.00197,0.4192,0.2419,0.3389
1528252200,0.4956,42.4,0.3122,72.5,0.00158,0.4096,0.258,0.3323
1528252500,0.5005,44.7,0.3149,69.5,0.00111,0.4008,0.2522,0.347
1528252800,0.5056,44.2,0.3175,74.7,0.00179,0.3965,0.249,0.3546
1528253100,0.5072,44.9,0.32,75.6,0.00229,0.3937,0.2484,0.358
1528253400,0.5065,43.8,0.3184,85.9,0.00139,0.3941,0.2477,0.3582
1528253700,0.4985,44.0,0.3171,81.9,0.00125,0.3918,0.2492,0.359
1528254000,0.5085,44.5,0.3188,78.8,0.00154,0.3931,0.2464,0.3605
1528254300,0.5068,45.2,0.319,82.3,0.00123,0.3902,0.2456,0.3642
1528254600,0.5079,42.6,0.3181,77.1,0.00135,0.3938,0.2467,0.3595
1528254900,0.5044,43.1,0.3202,79.7,0.00154,0.3892,0.247,0.3638
1528255200,0.5086,43.1,0.3218,80.0,0.0018,0.3903,0.2469,0.3628
1528255500,0.5004,43.2,0.3207,83.7,0.0015,0.3872,0.2482,0.3646
1528255800,0.5083,43.6,0.3226,73.8,0.00179,0.3885,0.2466,0.365
1528256100,0.508,43.8,0.3227,78.8,0.00134,0.3884,0.2467,0.3649
1528256400,0.5041,42.6,0.322,70.8,0.00121,0.3903,0.2493,0.3603
1528256700,0.5069,42.3,0.3223,77.6,0.00125,0.3904,0.2482,0.3614
1528257000,0.5021,42.9,0.3221,78.8,0.00143,0.3885,0.2492,0.3623
1528257300,0.4957,42.9,0.3223,79.7,0.00108,0.3854,0.2506,0.3641
1528257600,0.4929,42.5,0.3189,82.0,0.00112,0.3875,0.2507,0.3619
1528257900,0.4959,43.4,0.3212,82.9,0.00161,0.3848,0.2493,0.3659
1528258200,0.5101,45.6,0.3219,79.7,0.00162,0.3889,0.2454,0.3656
1528258500,0.5141,48.0,0.3234,81.1,0.00164,0.3954,0.2487,0.3559
1528258800,0.5218,51.0,0.3289,79.4,0.00184,0.3967,0.25,0.3533
1528259100,0.5235,51.7,0.3308,88.4,0.00217,0.399,0.2521,0.3489
1528259400,0.5233,51.5,0.3284,77.4,0.00181,0.4029,0.2529,0.3442
1528259700,0.5166,50.4,0.3275,79.8,0.00241,0.402,0.2548,0.3432
1528260000,0.5221,49.9,0.3294,79.5,0.00242,0.404,0.2549,0.3411
1528260300,0.5203,49.9,0.3309,78.0,0.0021,0.4037,0.2568,0.3395
1528260600,0.5157,49.8,0.3292,83.2,0.0022,0.4032,0.2574,0.3394
1528260900,0.5176,50.0,0.3274,84.1,0.00194,0.4086,0.2584,0.333
1528261200,0.5104,48.0,0.3251,84.2,0.00139,0.4131,0.2631,0.3238
1528261500,0.5114,47.9,0.3266,74.2,0.00178,0.4129,0.2637,0.3233
1528261800,0.5132,48.0,0.3269,87.0,0.00158,0.4176,0.266,0.3165
1528262100,0.5125,47.8,0.3266,80.8,0.00188,0.4181,0.2664,0.3155
1528262400,0.5166,47.7,0.3264,80.6,0.00161,0.4189,0.2647,0.3164
1528262700,0.5178,47.4,0.3273,80.7,0.00168,0.4199,0.2654,0.3147
1528263000,0.5179,47.3,0.3278,85.5,0.00211,0.4198,0.2657,0.3145
1528263300,0.5142,46.6,0.3248,89.3,0.00194,0.4257,0.2689,0.3055
1528263600,0.5111,45.9,0.3245,77.9,0.00151,0.432,0.2743,0.2936
1528263900,0.514,45.4,0.3237,78.7,0.00148,0.4518,0.2845,0.2636
1528264200,0.5131,44.8,0.3226,80.1,0.00168,0.4523,0.2844,0.2634
1528264500,0.5162,44.9,0.3215,71.9,0.00187,0.453,0.2821,0.2649
1528264800,0.5182,45.3,0.3216,85.9,0.00193,0.4537,0.2816,0.2647
1528265100,0.5137,45.4,0.3221,79.5,0.00145,0.4497,0.282,0.2683
1528265400,0.513,45.5,0.3242,84.6,0.00143,0.4458,0.2818,0.2724
1528265700,0.5147,46.0,0.3247,78.5,0.00149,0.4476,0.2824,0.27
1528266000,0.5114,46.3,0.3224,80.2,0.00146,0.4468,0.2817,0.2715
1528266300,0.5151,47.0,0.3218,79.6,0.00148,0.446,0.2787,0.2753
1528266600,0.5205,47.7,0.325,74.4,0.00191,0.4447,0.2777,0.2776
1528266900,0.5166,47.7,0.325,84.5,0.00176,0.4447,0.2798,0.2755
1528267200,0.5149,47.6,0.3242,79.1,0.00185,0.4446,0.2799,0.2755
1528267500,0.5152,47.4,0.324,76.8,0.00147,0.4454,0.2801,0.2744
1528267800,0.5145,47.2,0.3239,84.0,0.00245,0.4441,0.2796,0.2764
1528268100,0.5004,46.7,0.3223,80.2,0.00194,0.4388,0.2826,0.2785
1528268400,0.4909,47.4,0.3212,80.0,0.00208,0.4331,0.2834,0.2835
1528268700,0.4782,47.9,0.3215,78.8,0.00195,0.4235,0.2847,0.2918
1528269000,0.4756,47.4,0.3224,81.7,0.00139,0.4203,0.2849,0.2948
1528269300,0.4884,47.7,0.3238,76.2,0.0019,0.4211,0.2792,0.2996
1528269600,0.4704,47.7,0.3236,81.8,0.00133,0.4099,0.282,0.3082
1528269900,0.4481,48.2,0.3205,78.8,0.00129,0.3992,0.2856,0.3152
1528270200,0.4629,48.8,0.3196,68.4,0.00119,0.406,0.2803,0.3137
1528270500,0.4693,50.5,0.3205,75.9,0.00127,0.406,0.2772,0.3168
1528270800,0.4662,52.3,0.3195,78.2,0.00137,0.4041,0.2769,0.319
1528271100,0.4587,53.7,0.3181,68.8,0.00146,0.3993,0.2769,0.3237
1528271400,0.4596,54.5,0.3201,80.2,0.00142,0.3977,0.277,0.3253
1528271700,0.4572,54.2,0.3194,75.7,0.00149,0.3968,0.2772,0.3261
1528272000,0.4509,54.0,0.3189,74.3,0.00125,0.3921,0.2773,0.3306
1528272300,0.4431,53.6,0.3188,74.7,0.00137,0.3876,0.2789,0.3335
1528272600,0.4606,53.6,0.3199,74.7,0.00137,0.3944,0.2739,0.3318
1528272900,0.4545,54.1,0.3202,67.5,0.00106,0.3916,0.2759,0.3324
1528273200,0.4515,55.1,0.3189,68.8,0.00185,0.3909,0.2761,0.333
1528273500,0.4709,56.1,0.3234,75.1,0.00151,0.3978,0.2732,0.329
1528273800,0.4765,55.8,0.3221,84.6,0.00146,0.4066,0.2749,0.3185
1528274100,0.4802,51.4,0.3164,75.2,0.00155,0.4453,0.2934,0.2613
1528274400,0.4832,51.4,0.3191,80.6,0.00147,0.4445,0.2936,0.2619
1528274700,0.4752,51.4,0.3161,78.1,0.00126,0.442,0.294,0.264
1528275000,0.4718,50.7,0.3165,77.0,0.00135,0.4366,0.2929,0.2705
1528275300,0.4667,51.0,0.3178,81.4,0.00135,0.4281,0.2915,0.2804
1528275600,0.4602,50.8,0.3155,79.6,0.00101,0.4201,0.288,0.2918
1528275900,0.4739,50.4,0.319,81.1,0.00122,0.4297,0.2892,0.2811
1528276200,0.4667,51.5,0.3178,75.6,0.00123,0.4286,0.2918,0.2796
1528276500,0.4812,51.7,0.3187,81.2,0.00105,0.4353,0.2883,0.2763
1528276800,0.4796,51.0,0.3196,81.8,0.00147,0.432,0.2879,0.2801
1528277100,0.4728,49.7,0.3209,75.0,0.00121,0.4291,0.2913,0.2796
1528277400,0.4532,48.9,0.3151,75.0,0.00106,0.4237,0.2946,0.2816
1528277700,0.4697,47.3,0.3156,75.7,0.00206,0.4329,0.2909,0.2763
1528278000,0.4738,47.1,0.3179,81.7,0.00152,0.4304,0.2888,0.2809
1528278300,0.479,47.6,0.3221,75.7,0.00136,0.4338,0.2917,0.2745
1528278600,0.4445,46.9,0.3138,76.3,0.00135,0.4254,0.3003,0.2743
1528278900,0.4676,46.5,0.3188,77.5,0.00138,0.43,0.2931,0.2769
1528279200,0.4875,46.7,0.3241,79.1,0.00172,0.433,0.2879,0.2791
1528279500,0.4791,46.8,0.3221,74.4,0.00142,0.4294,0.2887,0.282
1528279800,0.4836,47.6,0.3257,76.2,0.00139,0.4277,0.288,0.2843
1528280100,0.4923,47.1,0.3282,84.3,0.00119,0.4312,0.2875,0.2813
1528280400,0.4837,46.9,0.3253,72.0,0.00136,0.43,0.2892,0.2808
1528280700,0.4943,47.3,0.3246,86.5,0.00193,0.437,0.2869,0.2761
1528281000,0.4819,47.9,0.3219,85.1,0.00136,0.4317,0.2884,0.2799
1528281300,0.4518,47.1,0.3211,75.8,0.00213,0.4211,0.2992,0.2797
1528281600,0.4493,46.2,0.3128,78.3,0.00118,0.4303,0.2996,0.2702
1528281900,0.473,47.1,0.3181,79.8,0.00107,0.4377,0.2943,0.268
1528282200,0.468,48.1,0.3225,66.2,0.00181,0.4284,0.2952,0.2763
1528282500,0.4777,48.7,0.3226,81.9,0.0011,0.4309,0.291,0.2781
1528282800,0.4976,48.6,0.3303,84.1,0.00112,0.4344,0.2883,0.2773
1528283100,0.4915,47.9,0.331,75.4,0.00114,0.4302,0.2897,0.28
1528283400,0.4781,46.8,0.3293,74.7,0.00117,0.424,0.292,0.284
1528283700,0.4743,45.4,0.3261,79.5,0.00121,0.4246,0.292,0.2834
1528284000,0.4982,45.3,0.3299,82.6,0.00125,0.4299,0.2847,0.2854
1528284300,0.4821,46.1,0.3267,81.6,0.00112,0.4259,0.2886,0.2855
1528284600,0.5004,46.1,0.3274,80.6,0.00132,0.4359,0.2852,0.2789
1528284900,0.4811,45.8,0.3234,80.6,0.00102,0.4312,0.2898,0.279
1528285200,0.4821,45.9,0.3218,86.5,0.00183,0.4397,0.2935,0.2668
1528285500,0.4827,46.5,0.3156,75.4,0.00103,0.4483,0.2931,0.2586
1528285800,0.4853,46.9,0.3172,78.9,0.00129,0.445,0.2909,0.2641
1528286100,0.4788,46.9,0.3195,79.3,0.0014,0.4382,0.2924,0.2693
1528286400,0.481,47.2,0.3204,73.1,0.00121,0.4387,0.2922,0.2691
1528286700,0.4922,45.1,0.3226,67.8,0.00134,0.4514,0.2959,0.2527
1528287000,0.4805,44.8,0.3228,82.7,0.00113,0.4459,0.2995,0.2546
1528287300,0.4803,45.6,0.3233,72.5,0.00102,0.4472,0.301,0.2517
1528287600,0.4788,47.1,0.3235,81.0,0.00106,0.441,0.298,0.2611
1528287900,0.4847,47.0,0.3229,76.0,0.0012,0.4418,0.2943,0.2639
1528288200,0.516,47.7,0.3317,90.3,0.00244,0.4475,0.2877,0.2648
1528288500,0.474,47.2,0.3231,77.7,0.00173,0.431,0.2938,0.2752
1528288800,0.4203,45.4,0.3155,73.5,0.00133,0.4067,0.3053,0.288
1528289100,0.3966,43.0,0.3118,76.1,0.00121,0.3851,0.3028,0.3122
1528289400,0.3868,41.2,0.3084,77.5,0.0013,0.3617,0.2884,0.3499
1528289700,0.4067,39.6,0.3198,74.4,0.00157,0.3448,0.2712,0.384
1528290000,0.3967,39.2,0.3034,72.6,0.00116,0.3589,0.2745,0.3666
1528290300,0.3922,45.0,0.3103,72.8,0.00209,0.3208,0.2538,0.4253
1528290600,0.4035,50.0,0.3156,67.6,0.00105,0.3174,0.2482,0.4344
1528290900,0.392,50.0,0.3096,70.3,0.00205,0.3002,0.2371,0.4627
1528291200,0.3954,52.9,0.3081,69.9,0.00152,0.3027,0.2359,0.4614
1528291500,0.382,57.6,0.3067,70.8,0.00123,0.2936,0.2358,0.4706
1528291800,0.4022,57.5,0.3132,79.9,0.00176,0.2927,0.2279,0.4794
1528292100,0.3827,57.0,0.3073,69.7,0.00149,0.2772,0.2226,0.5002
1528292400,0.4067,52.4,0.3072,72.3,0.00101,0.288,0.2175,0.4945
1528292700,0.4153,53.4,0.3102,75.6,0.00102,0.2934,0.2192,0.4874
1528293000,0.4135,53.6,0.311,84.3,0.00184,0.2978,0.224,0.4782
1528293300,0.4152,54.8,0.3157,66.7,0.00139,0.2899,0.2204,0.4896
1528293600,0.4073,55.3,0.3157,85.5,0.00139,0.2811,0.2179,0.5011
1528293900,0.4182,55.8,0.3135,72.7,0.00102,0.2887,0.2164,0.495
1528294200,0.4206,40.2,0.275,72.3,0.00152,0.4909,0.321,0.1882
1528294500,0.4399,42.6,0.2794,73.8,0.00152,0.4752,0.3018,0.223
1528294800,0.4903,46.9,0.3103,75.7,0.00102,0.4381,0.2772,0.2847
1528295100,0.535,49.2,0.3281,85.6,0.00309,0.4277,0.2623,0.31
1528295400,0.5291,50.0,0.3257,70.1,0.00225,0.4159,0.256,0.3281
1528295700,0.4702,45.5,0.3061,71.8,0.00138,0.4366,0.2842,0.2792
1528296000,0.4513,41.4,0.3095,85.8,0.00109,0.3811,0.2613,0.3576
1528296300,0.4642,39.2,0.3083,78.8,0.00117,0.375,0.2491,0.3759
1528296600,0.4758,43.7,0.311,69.3,0.00182,0.3668,0.2397,0.3935
1528296900,0.4793,45.4,0.3105,78.7,0.00129,0.3754,0.2432,0.3814
1528297200,0.453,44.5,0.309,83.2,0.0016,0.3549,0.2421,0.4029
1528297500,0.4626,41.3,0.3112,79.0,0.00163,0.3673,0.2471,0.3856
1528297800,0.4342,40.3,0.2962,80.6,0.00107,0.3687,0.2515,0.3798
1528298100,0.4493,40.9,0.3084,83.9,0.0015,0.3623,0.2487,0.389
1528298400,0.4646,43.4,0.3068,80.8,0.00123,0.3726,0.246,0.3814
1528298700,0.4524,45.0,0.3011,77.5,0.00162,0.3723,0.2478,0.38
1528299000,0.4719,47.5,0.2992,78.3,0.00236,0.3851,0.2441,0.3708
1528299300,0.4748,50.5,0.2964,71.2,0.00111,0.3778,0.2359,0.3863
1528299600,0.4878,52.4,0.2913,78.5,0.00129,0.4043,0.2414,0.3543
1528299900,0.4738,55.1,0.2927,85.3,0.00108,0.3932,0.2429,0.364
1528300200,0.4569,55.1,0.2925,73.2,0.0011,0.3905,0.25,0.3595
1528300500,0.4435,47.6,0.2814,87.0,0.00147,0.4318,0.274,0.2942
1528300800,0.4629,46.2,0.2974,81.0,0.0012,0.4031,0.259,0.3379
1528301100,0.4453,44.9,0.2874,76.6,0.0012,0.412,0.2659,0.3221
1528301400,0.4406,45.1,0.2879,76.6,0.00103,0.4132,0.27,0.3168
1528301700,0.4505,45.1,0.2815,69.9,0.00197,0.4296,0.2685,0.3019
1528302000,0.4592,46.6,0.3068,64.7,0.00166,0.3761,0.2512,0.3727
1528302300,0.4702,45.7,0.3051,80.3,0.0018,0.4,0.2596,0.3404
1528302600,0.4663,45.7,0.304,76.9,0.00146,0.3955,0.2578,0.3467
1528302900,0.441,45.4,0.2898,75.2,0.00114,0.4089,0.2687,0.3224
1528303200,0.4513,46.4,0.2903,84.9,0.00105,0.421,0.2708,0.3081
1528303500,0.4701,45.8,0.3004,71.5,0.00221,0.4007,0.256,0.3433
1528303800,0.4835,44.1,0.3183,80.6,0.00168,0.3791,0.2496,0.3713
1528304100,0.4774,44.7,0.3207,66.3,0.00194,0.37,0.2486,0.3814
1528304400,0.4721,44.8,0.3127,68.4,0.00116,0.3801,0.2518,0.3681
1528304700,0.4802,42.8,0.3146,73.1,0.00103,0.3807,0.2494,0.3699
1528305000,0.4959,41.8,0.3239,77.4,0.00165,0.3782,0.247,0.3748
1528305300,0.485,42.7,0.3236,85.1,0.00138,0.3687,0.246,0.3853
1528305600,0.4513,43.3,0.3051,81.5,0.00125,0.3725,0.2518,0.3756
1528305900,0.4408,41.9,0.2934,75.0,0.00132,0.4056,0.27,0.3244
1528306200,0.4778,42.3,0.3261,77.9,0.00105,0.372,0.2539,0.3741
1528306500,0.4929,40.0,0.3171,87.3,0.00156,0.3996,0.2571,0.3433
1528306800,0.5249,41.5,0.3427,71.2,0.00181,0.3707,0.242,0.3872
1528307100,0.5269,42.6,0.3391,73.7,0.00254,0.3708,0.2386,0.3906
1528307400,0.4879,46.9,0.3235,75.8,0.00176,0.3549,0.2353,0.4098
1528307700,0.438,44.9,0.3006,78.7,0.00139,0.371,0.2546,0.3744
1528308000,0.4674,42.8,0.3106,87.9,0.00118,0.3744,0.2488,0.3768
1528308300,0.4906,45.1,0.3275,77.6,0.00164,0.3537,0.2361,0.4102
1528308600,0.4398,42.5,0.3028,77.3,0.00105,0.3673,0.2529,0.3799
1528308900,0.4431,41.4,0.3003,83.5,0.00142,0.3802,0.2577,0.3622
1528309200,0.4344,44.5,0.3021,65.9,0.00123,0.3601,0.2505,0.3894
1528309500,0.4083,44.1,0.2832,78.8,0.00124,0.3858,0.2676,0.3466
1528309800,0.4409,34.6,0.2876,65.3,0.00186,0.5051,0.3295,0.1654
1528310100,0.4712,35.2,0.2983,82.1,0.00191,0.4857,0.3075,0.2069
1528310400,0.4454,35.3,0.2885,75.4,0.00184,0.4613,0.2988,0.2399
1528310700,0.4383,35.5,0.28,74.3,0.00102,0.4403,0.2813,0.2784
1528311000,0.4104,35.4,0.2685,66.8,0.00145,0.4576,0.2993,0.2431
1528311300,0.4386,36.9,0.2778,81.8,0.00126,0.4699,0.2976,0.2325
1528311600,0.3864,35.6,0.2601,67.1,0.00106,0.4947,0.333,0.1722
1528311900,0.4091,33.9,0.2714,64.8,0.00105,0.4758,0.3157,0.2085
1528312200,0.4378,33.9,0.2785,69.9,0.00155,0.4747,0.302,0.2233
1528312500,0.4458,35.4,0.2823,83.8,0.00193,0.4926,0.312,0.1954
1528312800,0.4091,36.3,0.2701,68.7,0.00101,0.4795,0.3166,0.2039
1528313100,0.4113,38.8,0.2749,84.6,0.0014,0.4409,0.2947,0.2644
1528313400,0.4146,40.4,0.2842,76.6,0.00173,0.42,0.2879,0.292
1528313700,0.4169,39.0,0.2909,75.0,0.00133,0.4156,0.29,0.2944
1528314000,0.4276,38.7,0.2946,70.6,0.0014,0.4056,0.2794,0.315
1528314300,0.4153,37.8,0.2855,70.4,0.00135,0.4323,0.2972,0.2704
1528314600,0.4261,37.2,0.2886,75.2,0.00135,0.4213,0.2853,0.2934
1528314900,0.4233,36.1,0.2751,74.8,0.00109,0.458,0.2977,0.2443
1528315200,0.4367,42.9,0.2904,67.8,0.00105,0.3689,0.2453,0.3858
1528315500,0.4337,43.7,0.296,59.4,0.00141,0.3585,0.2447,0.3969
1528315800,0.4478,42.5,0.3007,75.3,0.00112,0.3644,0.2447,0.3908
1528316100,0.4695,41.7,0.3235,76.0,0.00151,0.3386,0.2333,0.4281
1528316400,0.4753,40.8,0.3371,71.6,0.00134,0.3335,0.2365,0.43
1528316700,0.4671,39.1,0.3444,75.8,0.00165,0.3269,0.241,0.4321
1528317000,0.4839,38.7,0.3546,74.6,0.00125,0.3259,0.2388,0.4353
1528317300,0.5007,38.9,0.3579,75.6,0.00136,0.3297,0.2357,0.4347
1528317600,0.4766,38.2,0.3434,82.6,0.00101,0.3244,0.2337,0.4419
1528317900,0.483,38.0,0.3487,73.1,0.00153,0.3238,0.2337,0.4425
1528318200,0.492,39.3,0.3566,88.2,0.00144,0.3225,0.2337,0.4438
1528318500,0.5016,40.1,0.3553,77.3,0.0011,0.3273,0.2319,0.4408
1528318800,0.4942,40.6,0.3548,82.0,0.00122,0.3251,0.2334,0.4416
1528319100,0.4741,38.9,0.3411,80.3,0.00115,0.3299,0.2374,0.4327
1528319400,0.4964,37.8,0.3496,80.4,0.00141,0.3457,0.2435,0.4108
1528319700,0.4992,37.9,0.3548,81.0,0.00101,0.3427,0.2435,0.4138
1528320000,0.4868,36.4,0.3496,74.0,0.00154,0.3456,0.2482,0.4063
1528320300,0.4689,36.6,0.3357,79.6,0.00135,0.3428,0.2454,0.4118
1528320600,0.4942,35.6,0.3458,80.2,0.00101,0.3509,0.2455,0.4036
1528320900,0.4583,35.8,0.3304,73.4,0.00107,0.3397,0.2449,0.4154
1528321200,0.4502,36.5,0.3189,74.0,0.0012,0.3545,0.2511,0.3944
1528321500,0.4372,35.4,0.2994,74.5,0.0016,0.3828,0.2621,0.3551
1528321800,0.4357,34.4,0.2903,69.7,0.0017,0.4066,0.2709,0.3226
1528322100,0.4419,35.5,0.2863,74.9,0.00165,0.4182,0.2709,0.3109
1528322400,0.4151,37.8,0.2763,74.1,0.00198,0.4187,0.2787,0.3026
1528322700,0.4211,38.7,0.2761,78.4,0.00107,0.4262,0.2794,0.2944
1528323000,0.423,39.6,0.2805,71.0,0.00172,0.4279,0.2837,0.2884
1528323300,0.4297,41.5,0.2777,68.1,0.00146,0.4177,0.2699,0.3123
1528323600,0.4277,45.4,0.2788,72.5,0.00191,0.4179,0.2724,0.3097
1528323900,0.4837,47.5,0.3092,78.5,0.00103,0.3781,0.2417,0.3802
1528324200,0.4574,48.5,0.3016,81.0,0.00121,0.3814,0.2515,0.3671
1528324500,0.4415,47.4,0.2906,74.6,0.00194,0.3953,0.2602,0.3445
1528324800,0.4464,48.6,0.2907,72.2,0.00153,0.3643,0.2372,0.3985
1528325100,0.4673,48.6,0.2919,77.6,0.00101,0.3807,0.2378,0.3816
1528325400,0.461,51.5,0.2881,74.8,0.00145,0.3866,0.2416,0.3718
1528325700,0.4619,51.7,0.2962,84.4,0.0022,0.3795,0.2434,0.3771
1528326000,0.4498,48.8,0.2947,83.4,0.00148,0.3739,0.245,0.3811
1528326300,0.4379,48.2,0.2853,75.7,0.00111,0.3917,0.2552,0.3531
1528326600,0.4395,48.6,0.2852,73.0,0.00113,0.4048,0.2627,0.3326
1528326900,0.4619,48.0,0.2845,87.0,0.00137,0.4232,0.2607,0.3162
1528327200,0.4905,48.4,0.2953,80.1,0.00134,0.4086,0.246,0.3455
1528327500,0.501,50.3,0.2988,79.6,0.00178,0.4041,0.241,0.3549
1528327800,0.4863,49.8,0.2963,79.5,0.00107,0.3778,0.2302,0.3919
1528328100,0.4769,50.5,0.2924,70.5,0.0019,0.3733,0.2289,0.3979
1528328400,0.476,51.9,0.291,75.4,0.00159,0.3691,0.2257,0.4052
1528328700,0.4851,52.2,0.2962,83.0,0.00188,0.3706,0.2263,0.4031
1528329000,0.4474,50.0,0.3123,70.5,0.00104,0.345,0.2408,0.4142
1528329300,0.4471,50.7,0.3107,70.8,0.00102,0.3492,0.2427,0.4082
1528329600,0.455,48.6,0.3153,80.1,0.00102,0.3494,0.2421,0.4085
1528329900,0.4445,47.0,0.3097,73.0,0.00149,0.3581,0.2495,0.3923
1528330200,0.4274,47.1,0.3104,78.1,0.00104,0.3378,0.2454,0.4168
1528330500,0.4403,48.0,0.3076,67.2,0.00144,0.3449,0.2409,0.4142
1528330800,0.4438,49.2,0.3016,80.2,0.00149,0.3559,0.2419,0.4022
1528331100,0.4789,52.0,0.3021,72.2,0.00128,0.3672,0.2316,0.4012
1528331400,0.4862,55.9,0.3049,69.7,0.00149,0.3636,0.228,0.4083
1528331700,0.471,58.1,0.3084,86.7,0.00118,0.3527,0.231,0.4163
1528332000,0.4793,49.6,0.2942,72.5,0.00194,0.4241,0.2603,0.3156
1528332300,0.4912,52.1,0.2921,84.2,0.00123,0.4343,0.2582,0.3075
1528332600,0.4953,53.7,0.2933,74.0,0.0013,0.4395,0.2603,0.3002
1528332900,0.4804,56.1,0.2977,77.3,0.00141,0.4253,0.2636,0.3111
1528333200,0.4619,55.2,0.2975,74.7,0.00153,0.4066,0.2619,0.3316
1528333500,0.4759,50.1,0.293,71.6,0.00129,0.4373,0.2692,0.2934
1528333800,0.4936,50.1,0.2998,77.7,0.00131,0.4361,0.2649,0.299
1528334100,0.4952,51.9,0.2989,78.5,0.00101,0.4356,0.2629,0.3014
1528334400,0.4397,51.3,0.2958,70.1,0.00123,0.4096,0.2756,0.3148
1528334700,0.4329,44.3,0.2874,67.3,0.00173,0.4406,0.2925,0.2668
1528335000,0.4693,44.5,0.2905,83.1,0.00182,0.4284,0.2652,0.3064
1528335300,0.4754,44.8,0.294,73.3,0.00223,0.4422,0.2735,0.2843
1528335600,0.5015,44.1,0.295,83.3,0.00171,0.4513,0.2655,0.2832
1528335900,0.5043,45.3,0.2914,83.2,0.00148,0.4731,0.2734,0.2536
1528336200,0.512,44.9,0.2998,77.8,0.00185,0.4538,0.2657,0.2805
1528336500,0.5126,45.8,0.2993,69.7,0.002,0.4448,0.2597,0.2955
1528336800,0.5144,49.4,0.3027,78.4,0.00181,0.4242,0.2496,0.3261
1528337100,0.5167,48.9,0.3038,74.0,0.00163,0.4151,0.2441,0.3408
1528337400,0.5391,49.0,0.3056,89.5,0.00255,0.4231,0.2399,0.337
1528337700,0.4788,41.4,0.2942,71.4,0.00129,0.4467,0.2745,0.2789
1528338000,0.4824,44.0,0.297,78.2,0.0011,0.436,0.2684,0.2955
1528338300,0.4939,43.3,0.301,76.9,0.00146,0.418,0.2547,0.3273
1528338600,0.4992,41.9,0.3043,77.0,0.00115,0.425,0.2591,0.3159
1528338900,0.5019,42.6,0.306,85.2,0.00107,0.4297,0.262,0.3084
1528339200,0.5002,42.7,0.3081,71.3,0.00161,0.432,0.2661,0.3018
1528339500,0.4992,43.3,0.3095,74.3,0.00157,0.4358,0.2702,0.2939
1528339800,0.4993,44.5,0.3101,87.8,0.00116,0.4376,0.2718,0.2906
1528340100,0.4914,43.2,0.3095,81.1,0.00113,0.4386,0.2763,0.2851
1528340400,0.4966,42.9,0.3092,78.6,0.00111,0.4412,0.2747,0.2841
1528340700,0.5022,42.9,0.3109,77.2,0.00162,0.4421,0.2737,0.2842
1528341000,0.4957,42.6,0.3106,81.4,0.00134,0.4427,0.2774,0.2799
1528341300,0.4935,43.0,0.3104,84.4,0.00102,0.4419,0.278,0.2801
1528341600,0.4939,43.1,0.3107,84.1,0.00233,0.4415,0.2778,0.2807
1528341900,0.4886,43.0,0.3105,76.2,0.00115,0.4381,0.2784,0.2836
1528342200,0.4884,42.7,0.3058,85.4,0.00138,0.4446,0.2784,0.277
1528342500,0.4908,43.1,0.3071,75.4,0.00207,0.4423,0.2767,0.281
1528342800,0.4866,44.0,0.3075,75.3,0.00208,0.4356,0.2753,0.2891
1528343100,0.486,44.7,0.3083,81.2,0.00104,0.429,0.2721,0.2989
1528343400,0.4928,44.6,0.3085,78.4,0.00138,0.4296,0.2689,0.3015
1528343700,0.5069,45.7,0.3115,71.3,0.00245,0.4331,0.2662,0.3007
1528344000,0.5249,47.5,0.318,77.2,0.00216,0.4411,0.2672,0.2917
1528344300,0.5216,48.4,0.3185,88.1,0.00269,0.4519,0.276,0.2721
1528344600,0.5255,48.6,0.3213,76.8,0.00295,0.457,0.2794,0.2635
1528344900,0.5151,47.5,0.3209,84.9,0.00185,0.4601,0.2866,0.2533
1528345200,0.5127,46.9,0.3208,78.1,0.00162,0.4611,0.2885,0.2503
1528345500,0.5152,46.9,0.3217,82.3,0.00152,0.4623,0.2887,0.249
1528345800,0.5135,47.1,0.3213,80.6,0.00158,0.4621,0.2892,0.2487
1528346100,0.5166,45.7,0.3213,78.4,0.00204,0.4667,0.2903,0.243
1528346400,0.5167,45.4,0.3218,77.6,0.00196,0.4725,0.2943,0.2333
1528346700,0.5147,45.0,0.3218,81.2,0.0016,0.4733,0.2959,0.2308
1528347000,0.5174,44.7,0.3228,82.8,0.00216,0.4753,0.2965,0.2282
1528347300,0.5122,44.7,0.3225,84.6,0.0018,0.4763,0.2999,0.2239
1528347600,0.5109,44.6,0.3213,85.0,0.00196,0.4776,0.3003,0.2221
1528347900,0.505,44.1,0.3197,77.5,0.00131,0.4756,0.3011,0.2233
1528348200,0.5057,44.2,0.3195,75.8,0.00166,0.4749,0.3,0.2251
1528348500,0.5115,44.8,0.3207,79.9,0.00206,0.4768,0.2989,0.2243
1528348800,0.5106,44.8,0.322,67.2,0.00165,0.4749,0.2995,0.2257
1528349100,0.5058,44.4,0.3214,73.8,0.00136,0.4747,0.3017,0.2236
1528349400,0.5098,44.4,0.3222,78.6,0.00265,0.4757,0.3006,0.2237
1528349700,0.5167,44.1,0.3232,73.9,0.00175,0.478,0.299,0.223
1528350000,0.5162,43.9,0.322,78.3,0.00149,0.4825,0.301,0.2166
1528350300,0.5065,44.4,0.3193,80.1,0.0015,0.4832,0.3046,0.2123
1528350600,0.5049,45.3,0.319,76.3,0.0013,0.4819,0.3045,0.2137
1528350900,0.5042,45.2,0.3185,78.5,0.00183,0.4835,0.3054,0.2111
1528351200,0.508,44.9,0.3194,78.3,0.0013,0.483,0.3037,0.2133
1528351500,0.5129,44.0,0.321,69.8,0.00195,0.4843,0.3031,0.2126
1528351800,0.511,43.6,0.3219,88.4,0.00168,0.4816,0.3034,0.215
1528352100,0.5004,43.0,0.3216,84.9,0.00106,0.476,0.3059,0.2181
1528352400,0.4951,42.9,0.3203,74.2,0.00138,0.4745,0.307,0.2185
1528352700,0.4951,42.9,0.3187,79.9,0.0014,0.4766,0.3068,0.2166
1528353000,0.4881,43.0,0.3185,80.0,0.00135,0.471,0.3073,0.2216
1528353300,0.4909,43.1,0.319,82.3,0.00125,0.4709,0.306,0.2231
1528353600,0.4997,43.0,0.3189,85.6,0.00136,0.4744,0.3027,0.2229
1528353900,0.5092,43.2,0.3187,81.5,0.00179,0.4776,0.2989,0.2234
1528354200,0.5037,43.7,0.3194,75.4,0.0013,0.4722,0.2994,0.2285
1528354500,0.4949,43.8,0.3184,78.3,0.00132,0.4681,0.3012,0.2307
1528354800,0.4998,44.6,0.3202,80.6,0.00128,0.4662,0.2987,0.2351
1528355100,0.5021,45.2,0.3209,74.1,0.00116,0.4642,0.2967,0.2391
1528355400,0.4935,44.9,0.3195,83.0,0.00143,0.4652,0.3012,0.2336
1528355700,0.4901,44.6,0.3206,76.6,0.00146,0.4623,0.3024,0.2352
1528356000,0.4755,44.3,0.3209,78.2,0.00222,0.4552,0.3072,0.2376
1528356300,0.4762,44.3,0.3207,73.8,0.00126,0.4555,0.3068,0.2377
1528356600,0.475,44.4,0.3211,70.9,0.00118,0.4535,0.3065,0.24
1528356900,0.4739,44.3,0.3197,75.3,0.0013,0.4534,0.3059,0.2407
1528357200,0.462,43.9,0.3183,80.4,0.00149,0.4496,0.3098,0.2406
1528357500,0.4578,43.9,0.3181,75.2,0.00169,0.4488,0.3119,0.2393
1528357800,0.4434,44.3,0.317,83.0,0.00118,0.4404,0.3148,0.2448
1528358100,0.4434,44.5,0.315,69.8,0.00141,0.4412,0.3134,0.2454
1528358400,0.4495,45.6,0.315,73.3,0.00129,0.4409,0.309,0.2501
1528358700,0.4569,46.7,0.3178,80.9,0.00189,0.4358,0.3031,0.2611
1528359000,0.4594,48.2,0.3182,74.1,0.0019,0.4309,0.2984,0.2707
1528359300,0.4727,48.8,0.3201,77.7,0.00118,0.4337,0.2937,0.2726
1528359600,0.4648,48.8,0.3192,65.6,0.00172,0.4309,0.2959,0.2732
1528359900,0.4705,49.2,0.3196,79.8,0.00186,0.4333,0.2943,0.2723
1528360200,0.4681,49.5,0.3202,76.5,0.00191,0.4313,0.295,0.2737
1528360500,0.4629,49.7,0.3206,75.5,0.001,0.4281,0.2965,0.2754
1528360800,0.4678,49.6,0.3202,79.0,0.00144,0.4328,0.2963,0.2709
1528361100,0.4733,49.8,0.3227,73.2,0.00153,0.4314,0.2941,0.2745
1528361400,0.4708,49.0,0.3235,72.7,0.00131,0.4336,0.2979,0.2685
1528361700,0.4604,47.7,0.3215,81.8,0.00264,0.4347,0.3035,0.2618
1528362000,0.4516,47.3,0.3224,79.0,0.00173,0.4329,0.3091,0.258
1528362300,0.4589,41.3,0.3079,84.3,0.00121,0.4661,0.3127,0.2212
1528362600,0.4626,42.6,0.3085,72.9,0.0019,0.4532,0.3022,0.2446
1528362900,0.4662,44.0,0.3081,79.3,0.00177,0.4453,0.2943,0.2605
1528363200,0.468,44.5,0.3112,69.1,0.00131,0.439,0.2919,0.2691
1528363500,0.4809,45.2,0.324,79.4,0.00103,0.4416,0.2975,0.261
1528363800,0.4865,45.5,0.3273,74.9,0.00152,0.435,0.2926,0.2724
1528364100,0.4702,45.4,0.322,81.9,0.0012,0.4262,0.2919,0.2819
1528364400,0.4668,44.9,0.3201,76.7,0.0013,0.4313,0.2958,0.273
1528364700,0.4751,45.1,0.3167,81.8,0.00135,0.4427,0.2951,0.2622
1528365000,0.4787,45.8,0.3194,69.8,0.00116,0.4434,0.2959,0.2607
1528365300,0.4634,46.0,0.3163,77.8,0.00146,0.4379,0.2989,0.2632
1528365600,0.4735,46.8,0.3192,77.1,0.00183,0.4408,0.2972,0.262
1528365900,0.4782,46.9,0.3185,73.1,0.00114,0.4403,0.2932,0.2665
1528366200,0.4686,47.0,0.3117,72.6,0.00136,0.4422,0.2941,0.2637
1528366500,0.4714,46.7,0.3151,80.8,0.00162,0.4371,0.2922,0.2707
1528366800,0.4492,46.1,0.3146,75.0,0.00114,0.4212,0.295,0.2838
1528367100,0.4598,45.3,0.3126,78.0,0.00117,0.4243,0.2884,0.2873
1528367400,0.4748,46.0,0.3139,81.6,0.00117,0.435,0.2876,0.2775
1528367700,0.4726,46.1,0.3178,84.7,0.00124,0.4277,0.2876,0.2847
1528368000,0.4455,44.6,0.3088,82.3,0.00185,0.4207,0.2916,0.2877
1528368300,0.4675,44.8,0.3121,85.9,0.00164,0.4284,0.286,0.2856
1528368600,0.4681,45.5,0.3126,78.3,0.00138,0.4244,0.2834,0.2923
1528368900,0.4794,45.9,0.3209,78.9,0.00157,0.4227,0.2829,0.2944
1528369200,0.4744,45.7,0.3131,75.7,0.00141,0.4313,0.2846,0.2841
1528369500,0.4774,46.7,0.3184,88.3,0.00109,0.4273,0.285,0.2877
1528369800,0.4722,46.7,0.3167,76.6,0.00171,0.4257,0.2855,0.2888
1528370100,0.4735,45.6,0.317,80.3,0.00136,0.4281,0.2866,0.2853
1528370400,0.4726,46.4,0.3165,77.6,0.00141,0.4269,0.2859,0.2872
1528370700,0.4733,46.4,0.3184,79.6,0.00126,0.4268,0.2871,0.2861
1528371000,0.4677,45.9,0.3156,79.1,0.00163,0.4264,0.2878,0.2858
1528371300,0.4591,45.8,0.3162,69.1,0.00161,0.4188,0.2885,0.2927
1528371600,0.4718,44.9,0.3163,84.7,0.00145,0.4272,0.2864,0.2864
1528371900,0.4853,44.8,0.3168,69.9,0.00125,0.435,0.284,0.281
1528372200,0.4774,44.6,0.3146,82.5,0.00125,0.4346,0.2864,0.2789
1528372500,0.4803,45.2,0.3189,79.9,0.00136,0.4326,0.2872,0.2802
1528372800,0.4784,44.8,0.3185,79.3,0.00171,0.4282,0.2851,0.2867
1528373100,0.4888,44.4,0.322,85.6,0.00132,0.434,0.2859,0.2801
1528373400,0.4885,44.6,0.3244,80.9,0.00143,0.4311,0.2863,0.2826
1528373700,0.4684,44.9,0.3211,82.6,0.00118,0.4228,0.2898,0.2874
1528374000,0.4472,44.6,0.3184,75.8,0.00136,0.4098,0.2918,0.2984
1528374300,0.405,44.0,0.3117,73.5,0.00182,0.3822,0.2942,0.3236
1528374600,0.3908,42.1,0.3079,74.3,0.00119,0.3648,0.2874,0.3479
1528374900,0.3725,39.7,0.3027,69.1,0.0013,0.3426,0.2784,0.3789
1528375200,0.3867,39.8,0.3084,77.4,0.00137,0.3243,0.2587,0.417
1528375500,0.3846,43.3,0.306,63.9,0.00154,0.3195,0.2542,0.4262
1528375800,0.3974,44.7,0.3115,76.0,0.00145,0.3084,0.2417,0.4499
1528376100,0.3852,45.4,0.303,69.4,0.00153,0.2986,0.2348,0.4666
1528376400,0.394,46.4,0.3011,64.7,0.00129,0.3061,0.2339,0.46
1528376700,0.3972,47.0,0.3031,79.3,0.00167,0.3014,0.23,0.4686
1528377000,0.4073,46.5,0.3177,76.3,0.00157,0.2898,0.226,0.4842
1528377300,0.3978,46.9,0.309,66.9,0.0016,0.2856,0.2218,0.4926
1528377600,0.396,49.5,0.3096,71.5,0.00192,0.2796,0.2186,0.5019
1528377900,0.4103,50.7,0.3073,80.5,0.00106,0.2862,0.2144,0.4994
1528378200,0.437,51.9,0.3158,77.3,0.00143,0.2916,0.2107,0.4977
1528378500,0.4148,51.5,0.3146,72.7,0.00156,0.284,0.2154,0.5006
1528378800,0.4136,53.1,0.3104,78.5,0.00167,0.2892,0.2171,0.4937
1528379100,0.4015,36.1,0.271,72.5,0.00157,0.4744,0.3202,0.2053
1528379400,0.4024,33.7,0.2708,62.5,0.00154,0.4756,0.3201,0.2043
1528379700,0.414,33.9,0.2694,77.9,0.00138,0.4843,0.3151,0.2006
1528380000,0.4366,37.3,0.2841,78.5,0.00122,0.4425,0.288,0.2695
1528380300,0.4682,42.8,0.2811,72.6,0.00102,0.4549,0.2731,0.2719
1528380600,0.4909,47.6,0.2862,76.6,0.00145,0.4522,0.2636,0.2841
1528380900,0.5001,53.7,0.2894,77.2,0.00183,0.4266,0.2469,0.3265
1528381200,0.5125,55.8,0.2926,74.9,0.00147,0.4277,0.2442,0.3281
1528381500,0.5025,56.3,0.2879,82.3,0.00122,0.4573,0.262,0.2806
1528381800,0.5042,52.6,0.2811,84.0,0.00125,0.4705,0.2623,0.2671
1528382100,0.4977,49.3,0.2821,80.6,0.00117,0.4438,0.2515,0.3047
1528382400,0.4418,46.5,0.2868,81.5,0.00119,0.4003,0.2599,0.3398
1528382700,0.4167,41.3,0.2732,79.9,0.00136,0.4479,0.2936,0.2585
1528383000,0.4241,36.1,0.2798,81.7,0.00122,0.4744,0.313,0.2127
1528383300,0.4466,37.4,0.2786,67.9,0.00132,0.4469,0.2788,0.2744
1528383600,0.4617,39.4,0.2753,74.7,0.00134,0.496,0.2957,0.2083
1528383900,0.444,42.5,0.2751,73.8,0.0012,0.4926,0.3052,0.2023
1528384200,0.4558,45.5,0.283,83.4,0.00213,0.4563,0.2833,0.2604
1528384500,0.4527,45.9,0.2751,82.4,0.00147,0.4924,0.2993,0.2083
1528384800,0.4687,47.3,0.2854,71.9,0.00107,0.4715,0.2871,0.2414
1528385100,0.4731,48.5,0.2957,83.3,0.00131,0.4675,0.2922,0.2403
1528385400,0.465,46.9,0.2869,76.5,0.00152,0.5013,0.3093,0.1893
1528385700,0.4574,46.1,0.2816,82.4,0.00104,0.5077,0.3125,0.1798
1528386000,0.4496,46.7,0.2782,72.9,0.00132,0.525,0.3249,0.1501
1528386300,0.4831,49.7,0.2912,81.1,0.00102,0.5132,0.3093,0.1775
1528386600,0.4741,48.2,0.284,77.7,0.00115,0.4828,0.2892,0.228
1528386900,0.4587,49.8,0.2843,80.4,0.00155,0.4841,0.3001,0.2158
1528387200,0.4552,48.5,0.282,73.9,0.00181,0.4919,0.3047,0.2034
1528387500,0.4744,46.3,0.2932,71.6,0.00245,0.4779,0.2954,0.2267
1528387800,0.5363,49.3,0.3256,80.7,0.00243,0.4404,0.2674,0.2922
1528388100,0.5397,53.1,0.3219,85.8,0.00288,0.4282,0.2554,0.3163
1528388400,0.5238,54.6,0.311,84.8,0.00251,0.4364,0.2591,0.3045
1528388700,0.5521,53.2,0.3226,76.4,0.00284,0.435,0.2542,0.3108
1528389000,0.5254,55.1,0.3059,81.7,0.00204,0.4374,0.2547,0.3079
1528389300,0.5262,53.0,0.3071,84.3,0.00186,0.4187,0.2444,0.3369
1528389600,0.5105,50.6,0.3069,73.3,0.00156,0.4157,0.2499,0.3344
1528389900,0.5154,51.8,0.3031,73.2,0.00217,0.4289,0.2522,0.3189
1528390200,0.5006,48.3,0.2996,83.6,0.0017,0.4441,0.2658,0.2901
1528390500,0.5171,45.4,0.307,88.1,0.00232,0.4479,0.2659,0.2861
1528390800,0.5254,45.6,0.3105,79.4,0.00248,0.437,0.2582,0.3048
1528391100,0.5053,45.9,0.2994,79.8,0.00134,0.4341,0.2572,0.3086
1528391400,0.5035,46.3,0.3037,83.5,0.00191,0.442,0.2666,0.2914
1528391700,0.5013,46.6,0.2969,81.6,0.0014,0.4523,0.2679,0.2798
1528392000,0.4864,49.6,0.2903,84.6,0.00116,0.4235,0.2527,0.3238
1528392300,0.4963,51.3,0.2957,75.0,0.00118,0.4398,0.262,0.2982
1528392600,0.4857,48.2,0.2929,75.3,0.00139,0.4605,0.2777,0.2619
1528392900,0.4742,46.9,0.291,69.5,0.00132,0.4774,0.2929,0.2297
1528393200,0.5208,46.3,0.3191,87.2,0.0018,0.4225,0.2589,0.3186
1528393500,0.5502,45.6,0.3364,80.5,0.00304,0.4189,0.2561,0.3249
1528393800,0.5083,46.9,0.3173,82.3,0.00153,0.4205,0.2625,0.3169
1528394100,0.4779,48.1,0.3054,75.9,0.0015,0.4423,0.2827,0.275
1528394400,0.4866,47.0,0.3033,76.9,0.00119,0.4486,0.2796,0.2718
1528394700,0.4815,46.3,0.3073,74.3,0.00143,0.4397,0.2806,0.2797
1528395000,0.4564,46.2,0.3015,82.3,0.00109,0.4296,0.2838,0.2867
1528395300,0.4312,46.3,0.2821,71.8,0.00118,0.4828,0.3158,0.2014
1528395600,0.4405,46.2,0.2875,75.5,0.0014,0.4467,0.2915,0.2618
1528395900,0.4473,45.0,0.2972,77.3,0.00118,0.4294,0.2853,0.2852
1528396200,0.4726,44.7,0.293,77.0,0.00111,0.4455,0.2762,0.2783
1528396500,0.4765,44.9,0.3001,80.4,0.00167,0.4538,0.2858,0.2603
1528396800,0.4392,45.0,0.2803,86.9,0.00136,0.476,0.3038,0.2202
1528397100,0.4368,45.0,0.283,66.9,0.0019,0.4809,0.3115,0.2076
1528397400,0.484,46.0,0.3105,74.8,0.00138,0.4579,0.2938,0.2483
1528397700,0.5133,45.3,0.3182,72.8,0.00159,0.4739,0.2938,0.2323
1528398000,0.4806,45.0,0.3086,72.0,0.00172,0.4493,0.2885,0.2621
1528398300,0.4916,46.1,0.3208,91.1,0.00145,0.4275,0.2789,0.2936
1528398600,0.5095,48.4,0.3145,79.5,0.00153,0.4487,0.277,0.2743
1528398900,0.4974,48.2,0.3132,83.2,0.00133,0.4451,0.2802,0.2747
1528399200,0.4833,48.7,0.3082,79.0,0.00114,0.4474,0.2853,0.2673
1528399500,0.4929,49.1,0.3111,75.6,0.00123,0.4504,0.2843,0.2653
1528399800,0.4736,48.4,0.2984,81.7,0.00137,0.4784,0.3014,0.2202
1528400100,0.4674,46.9,0.2969,76.2,0.0011,0.4965,0.3154,0.1882
1528400400,0.467,47.9,0.2983,82.1,0.0019,0.4678,0.2988,0.2334
1528400700,0.4312,47.4,0.2867,71.2,0.00132,0.4696,0.3123,0.2181
1528401000,0.4211,46.7,0.2751,73.1,0.0014,0.4925,0.3218,0.1857
1528401300,0.4198,44.5,0.2683,78.0,0.00199,0.5034,0.3218,0.1748
1528401600,0.4014,41.9,0.2625,78.3,0.00153,0.5059,0.3309,0.1632
1528401900,0.3892,39.6,0.2579,76.4,0.00151,0.529,0.3505,0.1205
1528402200,0.4077,39.6,0.266,66.9,0.00152,0.5104,0.333,0.1566
1528402500,0.4219,41.6,0.2704,75.1,0.00138,0.4944,0.3169,0.1887
1528402800,0.4302,40.9,0.2716,73.2,0.00201,0.5121,0.3233,0.1645
1528403100,0.4574,41.4,0.3017,71.8,0.0017,0.4431,0.2922,0.2647
1528403400,0.484,41.3,0.3228,79.8,0.0012,0.4037,0.2692,0.3271
1528403700,0.5056,42.3,0.3526,73.9,0.0017,0.3748,0.2614,0.3638
1528404000,0.5104,41.6,0.3618,79.1,0.00142,0.3664,0.2597,0.3739
1528404300,0.529,40.0,0.3659,90.5,0.0019,0.3728,0.2578,0.3694
1528404600,0.5249,40.0,0.3732,77.8,0.0021,0.3649,0.2594,0.3757
1528404900,0.5152,40.0,0.366,86.1,0.00196,0.3639,0.2585,0.3776
1528405200,0.5357,40.9,0.3698,80.1,0.0021,0.3667,0.2532,0.3801
1528405500,0.53,41.0,0.3702,88.8,0.00239,0.3621,0.2529,0.3849
1528405800,0.5199,41.6,0.3618,70.2,0.00229,0.3653,0.2542,0.3804
1528406100,0.5116,42.0,0.3571,79.6,0.00161,0.3653,0.255,0.3798
1528406400,0.4816,41.2,0.3307,73.1,0.00126,0.3786,0.26,0.3615
1528406700,0.4659,40.3,0.3212,79.8,0.00103,0.3792,0.2614,0.3594
1528407000,0.4813,41.9,0.3117,82.1,0.00142,0.4082,0.2644,0.3274
1528407300,0.4745,41.9,0.3036,79.5,0.00109,0.4209,0.2693,0.3099
1528407600,0.4595,41.7,0.2887,83.4,0.00158,0.4386,0.2755,0.2859
1528407900,0.4645,43.9,0.2848,77.8,0.00111,0.4213,0.2583,0.3204
1528408200,0.4618,43.9,0.2735,73.3,0.00146,0.4362,0.2584,0.3054
1528408500,0.4635,46.2,0.2746,73.9,0.00153,0.4204,0.249,0.3306
1528408800,0.4701,48.9,0.2783,75.6,0.00123,0.4152,0.2458,0.339
1528409100,0.4804,50.3,0.2789,79.8,0.00146,0.4427,0.257,0.3002
1528409400,0.4682,50.8,0.2795,89.8,0.0016,0.3971,0.237,0.3659
1528409700,0.4665,51.4,0.2818,76.7,0.00143,0.387,0.2338,0.3793
1528410000,0.4573,52.1,0.2764,71.0,0.00137,0.3957,0.2392,0.3651
1528410300,0.4664,53.2,0.2789,84.6,0.00165,0.393,0.235,0.372
1528410600,0.4431,52.5,0.2749,77.1,0.00123,0.3967,0.2461,0.3571
1528410900,0.4338,49.4,0.2733,67.8,0.0011,0.4026,0.2536,0.3438
1528411200,0.4402,48.4,0.2778,72.7,0.00144,0.3964,0.2502,0.3535
1528411500,0.4423,47.7,0.2725,69.1,0.00129,0.4385,0.2702,0.2913
1528411800,0.4423,48.4,0.2792,76.8,0.00157,0.4153,0.2621,0.3226
1528412100,0.455,49.0,0.2782,77.9,0.00133,0.4136,0.2529,0.3335
1528412400,0.4579,46.4,0.2785,85.6,0.00135,0.4342,0.2641,0.3018
1528412700,0.4541,45.8,0.2777,84.4,0.001,0.4417,0.2701,0.2882
1528413000,0.446,46.6,0.2782,74.9,0.00126,0.42,0.262,0.3181
1528413300,0.4459,47.0,0.2753,78.2,0.00184,0.426,0.263,0.3111
1528413600,0.4435,46.9,0.2759,75.0,0.00111,0.4179,0.26,0.3222
1528413900,0.4466,47.5,0.2756,79.4,0.00139,0.4529,0.2795,0.2676
1528414200,0.4617,47.7,0.2831,80.5,0.00133,0.4437,0.2721,0.2842
1528414500,0.4587,49.0,0.2834,80.2,0.00105,0.4321,0.267,0.301
1528414800,0.4593,49.4,0.2799,71.8,0.00129,0.4496,0.274,0.2765
1528415100,0.4791,49.3,0.2853,77.7,0.00109,0.448,0.2668,0.2852
1528415400,0.4844,47.7,0.301,81.6,0.00234,0.4326,0.2688,0.2985
1528415700,0.4921,51.1,0.307,83.9,0.00127,0.4314,0.2691,0.2995
1528416000,0.4946,50.3,0.309,83.6,0.00119,0.4321,0.2699,0.298
1528416300,0.498,50.0,0.3139,81.1,0.00128,0.4319,0.2723,0.2958
1528416600,0.4867,49.1,0.313,78.8,0.00104,0.438,0.2817,0.2804
1528416900,0.4817,47.4,0.3079,72.4,0.00102,0.4552,0.2909,0.2539
1528417200,0.4719,46.6,0.3052,76.6,0.00155,0.4542,0.2937,0.2521
1528417500,0.4655,45.3,0.3016,76.1,0.00111,0.4551,0.2948,0.2501
1528417800,0.4612,44.0,0.2983,86.8,0.00156,0.4771,0.3086,0.2143
1528418100,0.462,44.3,0.2968,67.7,0.00189,0.4857,0.312,0.2023
1528418400,0.4542,46.1,0.3003,69.8,0.00107,0.4606,0.3045,0.2349
1528418700,0.4373,45.8,0.2872,76.6,0.00152,0.4977,0.3269,0.1754
1528419000,0.4383,46.4,0.2873,73.8,0.00168,0.4701,0.3081,0.2218
1528419300,0.4453,44.8,0.293,72.3,0.00116,0.4629,0.3046,0.2325
1528419600,0.4548,44.9,0.2948,79.9,0.00129,0.4568,0.2961,0.2472
1528419900,0.4584,46.6,0.2928,84.6,0.0017,0.46,0.2938,0.2463
1528420200,0.4585,49.3,0.2956,73.8,0.00131,0.428,0.2759,0.296
1528420500,0.468,50.7,0.2949,76.2,0.00135,0.4608,0.2903,0.2489
1528420800,0.4855,51.7,0.3002,81.8,0.00136,0.4483,0.2772,0.2745
1528421100,0.4807,53.5,0.3004,70.5,0.00139,0.4513,0.282,0.2667
1528421400,0.4965,51.8,0.2957,83.9,0.00106,0.487,0.2901,0.2229
1528421700,0.4868,47.5,0.2979,83.9,0.00118,0.4629,0.2833,0.2539
1528422000,0.5109,49.7,0.3006,81.7,0.00213,0.4729,0.2782,0.2489
1528422300,0.5346,52.0,0.3028,78.2,0.00211,0.4617,0.2615,0.2769
1528422600,0.5386,54.8,0.3054,92.5,0.00303,0.4703,0.2667,0.263
1528422900,0.5432,55.0,0.3088,87.6,0.00257,0.4665,0.2652,0.2683
1528423200,0.5546,52.5,0.3095,89.2,0.00271,0.473,0.264,0.263
1528423500,0.5428,50.1,0.309,90.8,0.00262,0.4725,0.269,0.2585
1528423800,0.5463,48.1,0.3079,86.8,0.00282,0.4779,0.2694,0.2527
1528424100,0.4971,40.9,0.2967,84.7,0.00101,0.5077,0.3031,0.1892
1528424400,0.5005,42.5,0.2965,83.5,0.00132,0.4837,0.2865,0.2298
1528424700,0.5269,44.0,0.3036,82.5,0.00206,0.4634,0.267,0.2696
1528425000,0.5151,42.4,0.3117,81.0,0.00155,0.4598,0.2782,0.262
1528425300,0.526,45.8,0.3181,85.8,0.00204,0.454,0.2746,0.2715
1528425600,0.5206,47.3,0.3207,81.7,0.00164,0.4454,0.2744,0.2802
1528425900,0.5148,48.1,0.3211,82.9,0.0023,0.4417,0.2755,0.2828
1528426200,0.5078,47.4,0.3204,71.8,0.00147,0.4375,0.2761,0.2864
1528426500,0.5116,44.5,0.3169,80.7,0.00175,0.4451,0.2757,0.2792
1528426800,0.5254,45.3,0.3214,81.8,0.00191,0.4463,0.273,0.2808
1528427100,0.5195,45.2,0.3223,77.6,0.00202,0.4451,0.2761,0.2788
1528427400,0.5149,45.0,0.3224,83.1,0.00149,0.4474,0.2801,0.2725
1528427700,0.497,44.8,0.321,76.2,0.00178,0.4412,0.285,0.2738
1528428000,0.5034,44.9,0.3201,80.6,0.00152,0.4447,0.2828,0.2725
1528428300,0.5095,43.7,0.318,79.4,0.0013,0.4617,0.2882,0.2501
1528428600,0.4969,44.5,0.318,73.6,0.00134,0.4543,0.2907,0.255
1528428900,0.4895,44.6,0.3196,80.5,0.00154,0.4455,0.2909,0.2636
1528429200,0.4868,44.4,0.3185,76.0,0.00103,0.4481,0.2932,0.2587
1528429500,0.4817,44.6,0.3187,85.2,0.00108,0.4441,0.2938,0.2621
1528429800,0.4724,44.8,0.3181,80.4,0.00149,0.437,0.2942,0.2688
1528430100,0.4788,45.5,0.3196,84.9,0.00146,0.4351,0.2905,0.2744
1528430400,0.4714,45.7,0.3216,76.0,0.00183,0.4277,0.2918,0.2806
1528430700,0.4665,45.9,0.3204,77.8,0.00127,0.424,0.2912,0.2848
1528431000,0.4927,45.7,0.3221,86.8,0.00205,0.4371,0.2858,0.2771
1528431300,0.4964,41.1,0.3195,76.4,0.00175,0.4648,0.2991,0.2361
1528431600,0.4848,41.6,0.32,83.5,0.00158,0.4633,0.3058,0.231
1528431900,0.4613,42.2,0.3178,74.9,0.00103,0.4494,0.3096,0.2409
1528432200,0.4456,42.2,0.317,79.8,0.00111,0.4359,0.3101,0.254
1528432500,0.4136,41.3,0.3127,67.2,0.00151,0.4115,0.3111,0.2773
1528432800,0.4088,40.6,0.3063,67.5,0.00241,0.4021,0.3013,0.2967
1528433100,0.4659,42.1,0.3126,74.4,0.00186,0.4173,0.28,0.3027
1528433400,0.4899,44.8,0.3209,82.9,0.0011,0.4188,0.2744,0.3068
1528433700,0.479,45.4,0.3246,77.3,0.00179,0.4168,0.2824,0.3008
1528434000,0.4773,43.6,0.3225,69.2,0.00131,0.4329,0.2925,0.2747
1528434300,0.4804,44.3,0.3219,80.4,0.00109,0.4372,0.2929,0.2699
1528434600,0.4657,44.0,0.3211,82.7,0.0012,0.4277,0.2949,0.2774
1528434900,0.4752,41.0,0.3171,77.8,0.00206,0.458,0.3056,0.2363
1528435200,0.4762,42.2,0.3182,72.9,0.00194,0.4573,0.3055,0.2372
1528435500,0.4575,42.0,0.3178,80.8,0.00119,0.4464,0.3101,0.2435
1528435800,0.4819,42.4,0.3199,73.4,0.00136,0.4557,0.3025,0.2418
1528436100,0.4852,43.4,0.3221,79.8,0.00122,0.4553,0.3023,0.2424
1528436400,0.4754,43.0,0.3211,83.1,0.00122,0.4516,0.305,0.2435
1528436700,0.4847,43.6,0.3216,73.2,0.0015,0.4575,0.3035,0.239
1528437000,0.487,43.3,0.3215,82.3,0.00107,0.4617,0.3048,0.2335
1528437300,0.4858,43.8,0.3225,77.6,0.00108,0.4587,0.3045,0.2368
1528437600,0.474,43.1,0.322,82.9,0.00161,0.4533,0.308,0.2387
1528437900,0.4741,42.3,0.3222,85.3,0.00137,0.4513,0.3067,0.2421
1528438200,0.4718,42.1,0.3205,77.4,0.0014,0.4514,0.3066,0.2419
1528438500,0.4857,42.3,0.3217,74.4,0.00217,0.455,0.3014,0.2436
1528438800,0.4876,43.1,0.3228,81.5,0.00144,0.4514,0.2988,0.2498
1528439100,0.4718,43.5,0.3204,78.0,0.00135,0.4447,0.302,0.2533
1528439400,0.4722,44.5,0.319,71.5,0.00128,0.439,0.2966,0.2644
1528439700,0.4767,45.1,0.3202,87.9,0.00106,0.4364,0.2931,0.2705
1528440000,0.4863,43.5,0.3205,78.4,0.00189,0.4514,0.2975,0.2511
1528440300,0.4899,43.2,0.3228,74.9,0.00123,0.4508,0.297,0.2522
1528440600,0.4797,41.7,0.3199,78.3,0.0017,0.4536,0.3025,0.2439
1528440900,0.4731,41.6,0.3212,75.4,0.00154,0.4462,0.3029,0.2508
1528441200,0.4367,41.3,0.3152,75.1,0.00112,0.4239,0.306,0.2701
1528441500,0.4166,40.1,0.3131,72.4,0.00179,0.4082,0.3068,0.2851
1528441800,0.4613,39.9,0.3213,75.7,0.00114,0.4174,0.2907,0.2919
1528442100,0.4774,41.6,0.3254,85.1,0.00109,0.424,0.289,0.287
1528442400,0.458,42.4,0.3248,88.6,0.00201,0.4162,0.2952,0.2886
1528442700,0.4647,43.2,0.3215,75.8,0.0014,0.4257,0.2945,0.2798
1528443000,0.487,45.2,0.3248,81.1,0.00175,0.4331,0.2888,0.2781
1528443300,0.4747,45.2,0.3264,78.5,0.0011,0.4283,0.2945,0.2772
1528443600,0.4589,44.5,0.3203,81.1,0.00105,0.4307,0.3006,0.2687
1528443900,0.4583,43.4,0.3194,73.0,0.00126,0.4302,0.2998,0.27
1528444200,0.412,41.9,0.3128,70.9,0.00104,0.4042,0.3069,0.289
1528444500,0.4023,39.6,0.3102,79.0,0.0017,0.3939,0.3037,0.3024
1528444800,0.4627,42.0,0.3194,75.4,0.00141,0.4137,0.2855,0.3008
1528445100,0.4465,43.7,0.3229,84.6,0.00189,0.401,0.29,0.309
1528445400,0.445,44.7,0.3229,76.0,0.00207,0.4065,0.295,0.2985
1528445700,0.443,45.2,0.3183,71.8,0.00116,0.4129,0.2967,0.2904
1528446000,0.4102,43.9,0.3125,74.0,0.00101,0.3968,0.3023,0.3009
1528446300,0.4109,42.6,0.3081,72.6,0.0011,0.3913,0.2934,0.3152
1528446600,0.4907,44.2,0.319,81.6,0.0013,0.4164,0.2707,0.3129
1528446900,0.5056,44.2,0.3209,73.7,0.00135,0.4364,0.277,0.2866
1528447200,0.4833,46.0,0.3202,80.5,0.00104,0.4365,0.2892,0.2742
1528447500,0.4905,46.1,0.3209,79.1,0.00167,0.4461,0.2918,0.2621
1528447800,0.4859,45.9,0.3209,82.4,0.00174,0.445,0.2939,0.2612
1528448100,0.4783,45.0,0.32,72.8,0.00143,0.4411,0.2951,0.2638
1528448400,0.4851,45.3,0.3205,75.6,0.00134,0.4422,0.2922,0.2657
1528448700,0.4773,45.6,0.3195,88.3,0.0016,0.4394,0.2941,0.2664
1528449000,0.4648,44.4,0.3179,72.6,0.00126,0.4355,0.2979,0.2666
1528449300,0.4533,44.5,0.3182,64.0,0.00146,0.4232,0.2971,0.2798
1528449600,0.4437,44.2,0.3186,75.4,0.00102,0.4142,0.2974,0.2883
1528449900,0.4649,43.9,0.3166,76.8,0.00136,0.4262,0.2903,0.2835
1528450200,0.4696,44.5,0.3182,80.2,0.00133,0.4308,0.2919,0.2773
1528450500,0.461,45.5,0.3187,81.8,0.0018,0.425,0.2938,0.2812
1528450800,0.4401,45.8,0.315,74.9,0.00151,0.4146,0.2968,0.2886
1528451100,0.4233,45.4,0.3104,78.5,0.00109,0.4046,0.2967,0.2987
1528451400,0.455,47.1,0.3154,81.2,0.00113,0.4083,0.283,0.3087
1528451700,0.4689,49.3,0.3193,88.6,0.00137,0.4131,0.2813,0.3056
1528452000,0.4702,50.7,0.3224,76.6,0.00168,0.4146,0.2843,0.3012
1528452300,0.4544,50.5,0.321,78.9,0.001,0.4096,0.2894,0.301
1528452600,0.3915,49.9,0.3149,77.0,0.00131,0.3772,0.3034,0.3193
1528452900,0.3818,48.4,0.311,73.6,0.00189,0.3643,0.2968,0.3389
1528453200,0.3894,47.3,0.3085,68.8,0.00106,0.3658,0.2898,0.3444
1528453500,0.446,47.8,0.3173,80.6,0.00109,0.3836,0.2729,0.3436
1528453800,0.4923,49.6,0.3261,87.7,0.00162,0.4016,0.266,0.3325
1528454100,0.5013,50.9,0.3299,81.2,0.00199,0.4116,0.2708,0.3176
1528454400,0.4827,48.8,0.3243,74.9,0.00125,0.4215,0.2832,0.2954
1528454700,0.4736,47.5,0.3193,78.1,0.00108,0.4298,0.2898,0.2804
1528455000,0.4729,46.0,0.3175,74.0,0.00136,0.4347,0.2918,0.2735
1528455300,0.457,46.4,0.3163,79.6,0.00156,0.427,0.2955,0.2775
1528455600,0.4592,47.9,0.3157,68.4,0.00113,0.4246,0.2919,0.2834
1528455900,0.4618,47.9,0.3173,75.7,0.00158,0.4233,0.2909,0.2858
1528456200,0.4506,47.4,0.3171,72.8,0.00106,0.4222,0.2971,0.2807
1528456500,0.4498,47.8,0.3173,78.1,0.00169,0.4228,0.2983,0.2789
1528456800,0.4549,48.7,0.3172,68.8,0.00188,0.4268,0.2976,0.2756
1528457100,0.4444,47.9,0.3108,78.8,0.00161,0.4333,0.303,0.2637
1528457400,0.4667,48.0,0.3115,79.3,0.00132,0.4395,0.2934,0.2671
1528457700,0.4931,49.0,0.3132,77.9,0.00174,0.4449,0.2826,0.2726
1528458000,0.5073,49.0,0.3168,78.7,0.00228,0.4478,0.2796,0.2726
1528458300,0.5019,48.5,0.3121,80.0,0.00112,0.4556,0.2833,0.2611
1528458600,0.4871,48.5,0.3144,88.1,0.00117,0.4505,0.2908,0.2587
1528458900,0.4796,49.4,0.3146,78.0,0.00151,0.4429,0.2905,0.2666
1528459200,0.4794,49.9,0.3152,85.4,0.00145,0.4404,0.2895,0.2701
1528459500,0.4788,50.7,0.316,82.0,0.00146,0.4371,0.2885,0.2744
1528459800,0.4793,50.9,0.3179,76.9,0.00247,0.4355,0.2889,0.2756
1528460100,0.4733,51.4,0.3165,77.3,0.00118,0.4333,0.2898,0.2769
1528460400,0.4638,51.8,0.3132,81.3,0.00138,0.4283,0.2892,0.2825
1528460700,0.4609,51.9,0.3136,66.7,0.0015,0.4209,0.2864,0.2927
1528461000,0.4329,51.7,0.3089,84.6,0.00134,0.4014,0.2864,0.3121
1528461300,0.412,50.1,0.3068,78.4,0.0011,0.3828,0.285,0.3322
1528461600,0.4199,48.5,0.3082,62.3,0.00168,0.373,0.2738,0.3532
1528461900,0.4306,49.1,0.3165,67.9,0.00175,0.3566,0.2621,0.3813
1528462200,0.4454,49.6,0.33,81.5,0.00137,0.3387,0.2509,0.4104
1528462500,0.4321,49.5,0.326,80.0,0.00189,0.3314,0.2501,0.4185
1528462800,0.4341,50.3,0.3282,74.8,0.00147,0.3277,0.2478,0.4245
1528463100,0.4548,52.3,0.3298,78.4,0.00121,0.3331,0.2416,0.4253
1528463400,0.4599,53.4,0.3289,68.2,0.00102,0.3301,0.236,0.4339
1528463700,0.4757,53.6,0.3331,78.3,0.00176,0.3341,0.2339,0.432
1528464000,0.4616,53.9,0.3297,81.5,0.00137,0.3292,0.2351,0.4357
1528464300,0.4612,54.2,0.3381,77.0,0.00122,0.3244,0.2378,0.4378
1528464600,0.4662,55.1,0.3399,78.1,0.00203,0.3241,0.2363,0.4396
1528464900,0.4554,54.9,0.3368,70.4,0.00177,0.3191,0.236,0.4449
1528465200,0.4714,55.2,0.3437,73.2,0.00131,0.3236,0.2359,0.4405
1528465500,0.4789,55.1,0.3431,79.1,0.00102,0.3259,0.2335,0.4405
1528465800,0.4803,54.5,0.3443,84.9,0.00126,0.3243,0.2325,0.4432
1528466100,0.4607,54.3,0.3441,80.9,0.00133,0.3145,0.2349,0.4506
1528466400,0.4699,54.2,0.3441,77.5,0.00132,0.3191,0.2337,0.4472
1528466700,0.4465,53.2,0.334,78.1,0.00138,0.3138,0.2347,0.4515
1528467000,0.4474,54.2,0.3338,82.6,0.00198,0.3109,0.232,0.4571
1528467300,0.462,40.0,0.3204,77.8,0.00109,0.4247,0.2946,0.2807
1528467600,0.5221,44.2,0.3491,81.5,0.00208,0.4111,0.2749,0.3141
1528467900,0.5216,46.9,0.3528,89.6,0.00214,0.3992,0.27,0.3308
1528468200,0.4916,47.3,0.3332,70.1,0.00179,0.3925,0.2661,0.3414
1528468500,0.475,47.4,0.3181,88.2,0.00157,0.3954,0.2648,0.3398
1528468800,0.489,46.7,0.3261,73.7,0.0014,0.41,0.2734,0.3166
1528469100,0.4939,46.5,0.3314,92.8,0.0013,0.3967,0.2662,0.3372
1528469400,0.4896,47.3,0.3284,80.3,0.00244,0.3925,0.2632,0.3443
1528469700,0.4904,47.1,0.3307,73.4,0.00141,0.3896,0.2628,0.3476
1528470000,0.5011,48.1,0.3374,84.5,0.00111,0.3843,0.2588,0.3569
1528470300,0.4961,48.4,0.3346,78.3,0.0012,0.3808,0.2568,0.3624
1528470600,0.4837,48.3,0.3333,75.1,0.00105,0.3733,0.2573,0.3694
1528470900,0.4825,48.1,0.3417,85.1,0.00126,0.3655,0.2589,0.3756
1528471200,0.4756,47.3,0.3417,82.9,0.00154,0.3582,0.2573,0.3845
1528471500,0.4673,46.9,0.3339,77.7,0.00118,0.3591,0.2566,0.3843
1528471800,0.4767,47.0,0.3341,79.0,0.0015,0.3699,0.2593,0.3708
1528472100,0.4934,47.3,0.332,76.6,0.00165,0.3836,0.2581,0.3582
1528472400,0.4783,47.6,0.3238,76.6,0.0014,0.3844,0.2603,0.3553
1528472700,0.4778,47.2,0.3278,68.9,0.00117,0.387,0.2655,0.3475
1528473000,0.4684,48.8,0.3239,76.5,0.00127,0.3761,0.2601,0.3638
1528473300,0.4938,50.3,0.3256,71.4,0.00115,0.3899,0.2571,0.353
1528473600,0.5102,54.6,0.3294,80.3,0.00133,0.3839,0.2479,0.3682
1528473900,0.488,55.2,0.3298,84.0,0.0012,0.3735,0.2524,0.374
1528474200,0.4861,54.4,0.3298,76.4,0.00119,0.3724,0.2527,0.3749
1528474500,0.4762,51.1,0.3201,75.5,0.00153,0.385,0.2588,0.3562
1528474800,0.4773,49.5,0.316,78.8,0.00122,0.4059,0.2688,0.3253
1528475100,0.4929,49.0,0.3296,73.1,0.00111,0.3884,0.2597,0.3519
1528475400,0.5035,47.9,0.3408,78.7,0.0012,0.3822,0.2587,0.3592
1528475700,0.5035,47.8,0.3394,82.1,0.00141,0.3825,0.2578,0.3597
1528476000,0.4889,49.0,0.3292,80.2,0.00155,0.3803,0.2561,0.3636
1528476300,0.466,50.3,0.3147,71.1,0.00137,0.3832,0.2588,0.358
1528476600,0.4558,47.6,0.302,81.7,0.00108,0.4222,0.2797,0.2981
1528476900,0.4384,46.3,0.3044,72.0,0.00125,0.3903,0.271,0.3388
1528477200,0.4581,44.6,0.3283,66.7,0.00166,0.3697,0.2649,0.3654
1528477500,0.4675,41.4,0.3367,69.2,0.00112,0.3735,0.269,0.3576
1528477800,0.4739,40.7,0.3406,73.3,0.00183,0.3709,0.2666,0.3625
1528478100,0.4873,41.5,0.3447,80.0,0.00129,0.3606,0.2551,0.3843
1528478400,0.4916,43.1,0.3452,85.9,0.00158,0.3571,0.2508,0.3921
1528478700,0.4946,44.1,0.3463,81.3,0.00154,0.3575,0.2503,0.3922
1528479000,0.4824,43.9,0.3413,73.8,0.00115,0.3617,0.2559,0.3824
1528479300,0.4727,42.6,0.3304,82.0,0.00172,0.3752,0.2623,0.3625
1528479600,0.4442,41.2,0.3156,76.8,0.00105,0.3929,0.2791,0.328
1528479900,0.4615,40.4,0.3254,80.8,0.0014,0.408,0.2877,0.3044
1528480200,0.4644,43.0,0.3363,74.1,0.0014,0.372,0.2694,0.3586
1528480500,0.4551,43.4,0.3318,71.8,0.00149,0.3837,0.2797,0.3366
1528480800,0.4585,43.0,0.3245,71.5,0.00112,0.3915,0.2771,0.3313
1528481100,0.4944,45.3,0.3302,83.9,0.00105,0.4017,0.2683,0.33
1528481400,0.4879,45.9,0.3147,86.5,0.00139,0.4387,0.2829,0.2784
1528481700,0.4786,48.2,0.3231,83.6,0.00107,0.4204,0.2838,0.2957
1528482000,0.5428,50.4,0.3319,83.7,0.00296,0.4285,0.262,0.3094
1528482300,0.5177,52.1,0.3103,82.0,0.00274,0.4444,0.2664,0.2892
1528482600,0.5063,51.6,0.3106,80.4,0.00136,0.4497,0.2759,0.2744
1528482900,0.5084,50.8,0.3078,82.5,0.00197,0.4454,0.2697,0.2849
1528483200,0.4716,50.1,0.3057,77.5,0.00141,0.4398,0.2851,0.2751
1528483500,0.4818,46.7,0.309,85.5,0.00102,0.4636,0.2973,0.239
1528483800,0.4989,44.5,0.3181,81.7,0.00141,0.4539,0.2894,0.2567
1528484100,0.4716,43.9,0.306,81.3,0.0014,0.4355,0.2826,0.2819
1528484400,0.4853,45.0,0.3214,86.8,0.00178,0.4148,0.2747,0.3104
1528484700,0.4836,47.5,0.3213,78.3,0.00117,0.4057,0.2696,0.3247
1528485000,0.495,49.7,0.3239,73.6,0.00135,0.3994,0.2614,0.3392
1528485300,0.4889,49.5,0.3183,75.1,0.00114,0.4177,0.2719,0.3104
1528485600,0.4747,51.6,0.3168,80.1,0.00135,0.4012,0.2678,0.331
1528485900,0.4828,53.0,0.3218,84.8,0.00206,0.4066,0.271,0.3224
1528486200,0.4868,50.4,0.321,84.2,0.00131,0.3982,0.2626,0.3392
1528486500,0.4744,49.8,0.325,85.2,0.00166,0.3842,0.2632,0.3526
1528486800,0.4579,47.9,0.3247,73.7,0.00166,0.3672,0.2604,0.3725
1528487100,0.4244,46.3,0.3151,81.4,0.00101,0.3503,0.2601,0.3896
1528487400,0.4387,46.2,0.3241,68.5,0.00132,0.3336,0.2465,0.4199
1528487700,0.4688,47.0,0.3295,69.9,0.00123,0.3329,0.234,0.4331
1528488000,0.4677,48.6,0.3288,75.7,0.00166,0.3321,0.2335,0.4344
1528488300,0.4854,48.9,0.3398,72.0,0.0013,0.3348,0.2344,0.4308
1528488600,0.4969,47.6,0.3485,79.0,0.00131,0.3363,0.2359,0.4278
1528488900,0.4708,46.3,0.3369,78.7,0.00103,0.3269,0.2339,0.4391
1528489200,0.4767,45.3,0.3418,72.7,0.00215,0.327,0.2344,0.4386
1528489500,0.4819,45.8,0.3499,74.5,0.00119,0.3248,0.2358,0.4394
1528489800,0.4814,46.7,0.3538,76.4,0.00121,0.3196,0.2349,0.4455
1528490100,0.4726,47.2,0.3456,72.9,0.00167,0.3181,0.2326,0.4493
1528490400,0.4761,47.8,0.3356,69.8,0.00161,0.326,0.2298,0.4443
1528490700,0.4799,48.8,0.3374,73.4,0.00133,0.3288,0.2311,0.4401
1528491000,0.4876,48.5,0.3424,79.0,0.00117,0.3262,0.2291,0.4448
1528491300,0.4952,48.7,0.3398,83.8,0.00135,0.3286,0.2255,0.4458
1528491600,0.4974,48.8,0.3507,69.2,0.00129,0.3267,0.2303,0.443
1528491900,0.4798,48.4,0.3453,80.8,0.00115,0.3224,0.232,0.4456
1528492200,0.4467,48.0,0.3452,74.5,0.00113,0.3065,0.2369,0.4567
1528492500,0.4365,47.5,0.339,79.3,0.00132,0.3029,0.2352,0.4619
1528492800,0.4804,48.3,0.3432,74.0,0.00103,0.3163,0.226,0.4578
1528493100,0.4947,48.4,0.3502,85.1,0.00111,0.3192,0.2259,0.4549
1528493400,0.4953,47.8,0.3499,84.6,0.00153,0.3227,0.228,0.4494
1528493700,0.5072,48.1,0.3485,80.5,0.00162,0.325,0.2233,0.4516
1528494000,0.4819,47.4,0.3478,77.2,0.00111,0.315,0.2273,0.4576
1528494300,0.4733,47.2,0.3445,74.5,0.00148,0.3095,0.2253,0.4653
1528494600,0.454,47.4,0.3391,69.8,0.00166,0.2997,0.2239,0.4764
1528494900,0.4406,46.2,0.3319,73.5,0.00194,0.2979,0.2244,0.4776
1528495200,0.4519,45.9,0.3337,71.4,0.00209,0.3042,0.2246,0.4712
1528495500,0.4289,46.3,0.3217,70.7,0.00174,0.3045,0.2284,0.4671
1528495800,0.4205,46.5,0.3188,81.4,0.00104,0.2969,0.2251,0.478
1528496100,0.4151,46.7,0.3108,74.6,0.00115,0.2971,0.2225,0.4804
1528496400,0.4526,45.8,0.3198,76.1,0.00141,0.3075,0.2173,0.4752
1528496700,0.4642,47.2,0.3278,73.8,0.00116,0.3023,0.2135,0.4842
1528497000,0.4543,47.5,0.3187,82.4,0.00149,0.2964,0.2079,0.4957
1528497300,0.4559,47.7,0.32,70.6,0.00167,0.2987,0.2096,0.4917
1528497600,0.4583,48.3,0.3282,72.4,0.00152,0.2925,0.2095,0.4981
1528497900,0.4617,44.5,0.3224,80.2,0.00144,0.3553,0.2481,0.3966
1528498200,0.4733,46.2,0.3279,75.6,0.00113,0.3599,0.2493,0.3908
1528498500,0.4437,46.3,0.3147,82.7,0.00106,0.3512,0.2491,0.3997
1528498800,0.4862,46.3,0.3308,81.0,0.00102,0.3583,0.2438,0.3978
1528499100,0.4848,47.6,0.3265,80.8,0.0011,0.3568,0.2403,0.4029
1528499400,0.4772,48.9,0.3113,78.8,0.00139,0.3663,0.2389,0.3948
1528499700,0.4873,49.2,0.32,80.1,0.0012,0.368,0.2416,0.3904
1528500000,0.5022,50.8,0.3291,82.5,0.00177,0.3699,0.2424,0.3878
1528500300,0.4789,50.2,0.3254,76.5,0.0017,0.3596,0.2444,0.396
1528500600,0.4482,46.3,0.3122,79.9,0.00142,0.3706,0.2581,0.3713
1528500900,0.45,47.5,0.3084,77.8,0.0014,0.3575,0.245,0.3975
1528501200,0.4784,48.6,0.3194,83.3,0.00137,0.3601,0.2404,0.3996
1528501500,0.4641,48.8,0.3074,70.1,0.00127,0.3609,0.239,0.4001
1528501800,0.464,47.7,0.3062,80.2,0.0019,0.3775,0.2491,0.3733
1528502100,0.4657,45.4,0.3159,78.9,0.00177,0.3699,0.2509,0.3793
1528502400,0.4603,44.5,0.3122,71.1,0.00175,0.3769,0.2556,0.3675
1528502700,0.4886,42.5,0.3335,80.1,0.00205,0.3619,0.247,0.3911
1528503000,0.447,41.2,0.3152,71.9,0.00111,0.3599,0.2538,0.3863
1528503300,0.4627,42.1,0.314,75.1,0.00105,0.3829,0.2599,0.3572
1528503600,0.4943,43.8,0.3238,78.3,0.00133,0.3855,0.2525,0.362
1528503900,0.479,44.6,0.3218,83.7,0.00197,0.3758,0.2525,0.3717
1528504200,0.4561,45.3,0.3172,77.6,0.00123,0.3743,0.2603,0.3654
1528504500,0.4576,45.4,0.3126,77.5,0.00107,0.3859,0.2636,0.3505
1528504800,0.4865,47.5,0.3245,81.9,0.00109,0.3832,0.2556,0.3613
1528505100,0.4921,47.2,0.328,85.8,0.00149,0.3775,0.2516,0.3708
1528505400,0.4833,46.6,0.326,79.9,0.00207,0.3734,0.2519,0.3747
1528505700,0.4584,45.7,0.3182,81.5,0.00163,0.3661,0.2541,0.3797
1528506000,0.4855,47.1,0.3222,75.6,0.0011,0.3739,0.2481,0.378
1528506300,0.4841,47.6,0.3268,78.5,0.00211,0.3648,0.2463,0.3889
1528506600,0.4799,47.1,0.3227,63.5,0.00116,0.3653,0.2457,0.389
1528506900,0.4874,47.7,0.3206,80.5,0.00126,0.3736,0.2458,0.3806
1528507200,0.492,47.0,0.3264,81.8,0.00127,0.3709,0.2461,0.383
1528507500,0.467,46.3,0.3165,74.3,0.00193,0.3769,0.2555,0.3676
1528507800,0.4803,44.7,0.3216,78.2,0.00115,0.3933,0.2633,0.3434
1528508100,0.475,44.6,0.3151,83.8,0.00111,0.3937,0.2612,0.3451
1528508400,0.5072,45.6,0.3298,73.6,0.00177,0.3914,0.2545,0.3541
1528508700,0.4974,47.1,0.324,83.3,0.00157,0.3965,0.2583,0.3452
1528509000,0.5073,47.5,0.3242,84.7,0.00187,0.3979,0.2543,0.3477
1528509300,0.4881,47.5,0.3185,73.6,0.00133,0.3903,0.2547,0.3551
1528509600,0.4974,48.6,0.3201,82.1,0.00107,0.4005,0.2577,0.3417
1528509900,0.4986,48.2,0.3268,79.7,0.0015,0.4002,0.2623,0.3374
1528510200,0.4856,47.5,0.3286,81.6,0.00134,0.3914,0.2648,0.3438
1528510500,0.4348,42.1,0.314,84.0,0.00133,0.3887,0.2807,0.3306
1528510800,0.4254,42.5,0.3029,75.4,0.00159,0.3859,0.2747,0.3394
1528511100,0.4582,41.3,0.3022,74.2,0.00195,0.3905,0.2576,0.3519
1528511400,0.4352,36.4,0.3021,78.0,0.00105,0.4362,0.3028,0.261
1528511700,0.4424,39.2,0.3087,82.0,0.00135,0.4167,0.2908,0.2925
1528512000,0.4575,41.0,0.3142,69.6,0.00218,0.4109,0.2822,0.3069
1528512300,0.4935,43.5,0.3201,80.1,0.00112,0.422,0.2737,0.3043
1528512600,0.5142,45.9,0.327,80.9,0.00181,0.4302,0.2736,0.2963
1528512900,0.5037,45.8,0.3277,88.7,0.0014,0.4393,0.2858,0.2748
1528513200,0.5035,45.0,0.3261,85.7,0.00207,0.4478,0.29,0.2622
1528513500,0.5132,45.1,0.3261,77.1,0.00185,0.4541,0.2886,0.2573
1528513800,0.4969,44.0,0.3272,81.5,0.00112,0.4476,0.2947,0.2577
1528514100,0.4962,44.6,0.3283,80.2,0.0011,0.4453,0.2946,0.2602
1528514400,0.5056,45.3,0.3287,78.1,0.00125,0.4492,0.292,0.2588
1528514700,0.5013,45.7,0.3282,77.7,0.00119,0.4483,0.2935,0.2582
1528515000,0.4994,45.8,0.3287,81.9,0.00146,0.4475,0.2945,0.258
1528515300,0.4994,45.4,0.3303,81.5,0.00105,0.4474,0.2959,0.2566
1528515600,0.5024,44.7,0.3303,81.1,0.00136,0.454,0.2985,0.2475
1528515900,0.4986,43.9,0.3283,90.3,0.00151,0.4575,0.3012,0.2413
1528516200,0.487,43.4,0.3263,68.7,0.00107,0.4538,0.3041,0.2421
1528516500,0.4891,43.2,0.3225,79.1,0.00124,0.4667,0.3077,0.2256
1528516800,0.4976,43.5,0.3257,77.3,0.00138,0.4613,0.3019,0.2368
1528517100,0.4962,43.7,0.3264,75.0,0.00103,0.4576,0.301,0.2414
1528517400,0.4788,43.5,0.3252,78.1,0.00119,0.4468,0.3034,0.2498
1528517700,0.4307,42.4,0.3184,74.3,0.00102,0.4209,0.3112,0.2679
1528518000,0.4239,40.6,0.313,79.6,0.00117,0.4096,0.3025,0.2879
1528518300,0.4742,40.9,0.3177,83.1,0.00186,0.4261,0.2855,0.2884
1528518600,0.5019,45.3,0.3219,68.5,0.00126,0.429,0.2752,0.2958
1528518900,0.5063,47.6,0.3264,91.2,0.00192,0.4279,0.2758,0.2963
1528519200,0.4915,46.2,0.326,83.0,0.00205,0.43,0.2852,0.2848
1528519500,0.4921,46.0,0.3237,71.1,0.00103,0.4338,0.2854,0.2808
1528519800,0.5058,46.0,0.325,82.0,0.00142,0.439,0.2821,0.2788
1528520100,0.4922,46.1,0.3232,74.6,0.00175,0.4335,0.2846,0.2819
1528520400,0.4863,46.7,0.3238,85.6,0.00119,0.4278,0.2849,0.2873
1528520700,0.5016,47.3,0.3249,85.9,0.00139,0.4338,0.281,0.2853
1528521000,0.4851,47.3,0.3261,77.3,0.0017,0.4252,0.2858,0.289
1528521300,0.4757,46.8,0.3239,79.0,0.00105,0.4234,0.2883,0.2882
1528521600,0.489,47.3,0.3244,85.9,0.00104,0.4279,0.2839,0.2882
1528521900,0.4711,47.2,0.321,76.6,0.00151,0.4287,0.2921,0.2791
1528522200,0.4994,48.1,0.3257,76.0,0.00102,0.4382,0.2858,0.2761
1528522500,0.4975,49.3,0.326,88.5,0.00121,0.4363,0.2859,0.2779
1528522800,0.4881,46.8,0.3247,65.2,0.0013,0.4396,0.2924,0.268
1528523100,0.4883,46.2,0.3235,69.3,0.00112,0.4408,0.292,0.2672
1528523400,0.4931,46.4,0.3237,79.0,0.00132,0.4395,0.2885,0.2719
1528523700,0.4837,46.6,0.3242,80.7,0.00101,0.4334,0.2905,0.2761
1528524000,0.485,47.0,0.3224,71.5,0.00132,0.436,0.2898,0.2742
1528524300,0.4874,46.4,0.3246,73.2,0.00153,0.4351,0.2898,0.2752
1528524600,0.4932,45.0,0.3245,77.0,0.00144,0.4416,0.2905,0.2679
1528524900,0.4869,44.3,0.3227,82.3,0.00159,0.4408,0.2921,0.267
1528525200,0.4819,45.5,0.3233,79.8,0.00122,0.435,0.2919,0.2731
1528525500,0.4826,44.7,0.3219,78.7,0.00244,0.4346,0.2899,0.2755
1528525800,0.5021,45.3,0.3237,66.7,0.00141,0.4407,0.2841,0.2752
1528526100,0.4989,44.8,0.325,72.1,0.00165,0.439,0.286,0.275
1528526400,0.4768,43.9,0.3222,89.3,0.00161,0.4298,0.2904,0.2798
1528526700,0.4561,42.1,0.3175,75.7,0.00123,0.4218,0.2936,0.2846
1528527000,0.4392,42.8,0.3124,62.4,0.00125,0.4099,0.2916,0.2985
1528527300,0.4997,43.8,0.3194,69.4,0.00129,0.4269,0.2729,0.3002
1528527600,0.521,46.4,0.3233,78.0,0.00196,0.4327,0.2685,0.2988
1528527900,0.5097,47.7,0.324,75.7,0.00192,0.4303,0.2735,0.2962
1528528200,0.4938,48.2,0.3244,67.2,0.00108,0.4292,0.282,0.2888
1528528500,0.496,48.5,0.3255,78.6,0.00124,0.4318,0.2834,0.2847
1528528800,0.4978,48.0,0.3265,85.9,0.00156,0.4317,0.2831,0.2852
1528529100,0.4881,47.7,0.3265,78.9,0.00134,0.4254,0.2845,0.2901
1528529400,0.4931,47.0,0.3269,75.6,0.00174,0.431,0.2858,0.2832
1528529700,0.4974,45.3,0.329,80.1,0.00171,0.4369,0.289,0.2741
1528530000,0.4919,43.6,0.3278,84.8,0.00217,0.4419,0.2945,0.2636
1528530300,0.4721,42.5,0.3256,83.3,0.00116,0.4348,0.2999,0.2654
1528530600,0.4731,40.9,0.3237,80.4,0.00109,0.4398,0.3009,0.2592
1528530900,0.4747,41.0,0.3251,80.4,0.00106,0.4403,0.3015,0.2582
1528531200,0.4233,41.3,0.3175,74.3,0.00107,0.4165,0.3124,0.2711
1528531500,0.4369,40.1,0.316,66.5,0.00169,0.4176,0.302,0.2803
1528531800,0.4989,42.1,0.3273,79.9,0.00154,0.4338,0.2846,0.2816
1528532100,0.491,43.9,0.3285,81.4,0.00114,0.4311,0.2884,0.2805
1528532400,0.4843,44.9,0.3273,76.4,0.00187,0.4314,0.2916,0.277
1528532700,0.4747,45.4,0.3255,79.7,0.00136,0.429,0.2942,0.2768
1528533000,0.4747,45.0,0.3269,84.7,0.00139,0.427,0.2941,0.2789
1528533300,0.4767,44.4,0.326,76.4,0.00176,0.4272,0.2922,0.2806
1528533600,0.4899,43.5,0.325,85.3,0.00152,0.4358,0.2891,0.2751
1528533900,0.486,42.7,0.3242,85.6,0.00201,0.4413,0.2944,0.2643
1528534200,0.4725,42.6,0.3231,82.0,0.00215,0.4376,0.2993,0.2631
1528534500,0.4411,42.0,0.3188,85.3,0.00193,0.4243,0.3067,0.269
1528534800,0.4612,41.9,0.3213,76.5,0.00131,0.4298,0.2994,0.2707
1528535100,0.4752,43.5,0.3243,86.6,0.00106,0.4327,0.2953,0.272
1528535400,0.4877,45.4,0.3268,80.6,0.00151,0.4387,0.294,0.2674
1528535700,0.4867,46.9,0.3266,74.4,0.00152,0.4393,0.2948,0.266
1528536000,0.47,47.1,0.3242,74.9,0.00146,0.4329,0.2986,0.2685
1528536300,0.4527,46.9,0.3206,72.1,0.00107,0.4229,0.2995,0.2776
1528536600,0.4724,45.9,0.3227,72.6,0.00211,0.4295,0.2934,0.2771
1528536900,0.4674,45.9,0.3236,79.4,0.00141,0.4241,0.2936,0.2824
1528537200,0.4819,44.6,0.3251,76.0,0.00142,0.4398,0.2967,0.2635
1528537500,0.4748,43.7,0.3233,81.5,0.00104,0.4501,0.3065,0.2434
1528537800,0.4651,44.1,0.3213,80.7,0.0011,0.4518,0.3121,0.2361
1528538100,0.4571,44.3,0.3169,74.9,0.00139,0.4608,0.3194,0.2198
1528538400,0.4388,45.0,0.3143,73.4,0.00114,0.4559,0.3265,0.2176
1528538700,0.4217,44.2,0.3145,74.5,0.00151,0.4357,0.3249,0.2394
1528539000,0.3432,41.2,0.3041,75.0,0.00126,0.392,0.3473,0.2607
1528539300,0.3379,39.2,0.3023,72.5,0.00106,0.363,0.3248,0.3122
1528539600,0.3336,39.1,0.3021,64.7,0.00118,0.3433,0.3108,0.3459
1528539900,0.3966,39.9,0.314,81.1,0.00104,0.3532,0.2796,0.3672
1528540200,0.4859,44.0,0.3324,71.9,0.00125,0.3786,0.259,0.3624
1528540500,0.5191,48.9,0.3369,78.6,0.00199,0.3983,0.2585,0.3432
1528540800,0.5013,51.1,0.3311,80.9,0.00111,0.4122,0.2722,0.3156
1528541100,0.463,49.3,0.3215,82.0,0.00129,0.4194,0.2912,0.2894
1528541400,0.4531,48.1,0.319,78.2,0.00124,0.4205,0.2961,0.2834
1528541700,0.4645,49.1,0.3201,81.5,0.00155,0.4215,0.2905,0.288
1528542000,0.4678,50.0,0.3218,78.3,0.00105,0.4197,0.2887,0.2916
1528542300,0.4686,48.6,0.3189,66.3,0.0014,0.4256,0.2897,0.2847
1528542600,0.4649,49.4,0.3194,75.8,0.00145,0.4222,0.2901,0.2877
1528542900,0.4522,48.7,0.3179,79.0,0.00103,0.4177,0.2936,0.2887
1528543200,0.4628,48.8,0.3163,73.2,0.00133,0.4252,0.2906,0.2842
1528543500,0.4773,50.0,0.3175,76.7,0.00143,0.4328,0.2879,0.2792
1528543800,0.4785,50.5,0.3202,79.1,0.00109,0.4301,0.2878,0.2821
1528544100,0.4901,50.4,0.3194,76.0,0.00175,0.4383,0.2856,0.2761
1528544400,0.4814,48.7,0.3171,78.5,0.0011,0.4419,0.2911,0.267
1528544700,0.4736,48.3,0.3181,73.4,0.00106,0.4379,0.2942,0.2679
1528545000,0.4645,48.1,0.3147,79.1,0.00122,0.4375,0.2964,0.2661
1528545300,0.4906,48.5,0.3167,83.9,0.00127,0.4468,0.2884,0.2647
1528545600,0.473,49.7,0.3138,79.2,0.00156,0.4356,0.289,0.2754
1528545900,0.473,49.3,0.3162,79.9,0.00244,0.4335,0.2898,0.2766
1528546200,0.4815,50.1,0.3165,70.5,0.0015,0.4387,0.2884,0.2729
1528546500,0.4689,49.7,0.3149,81.7,0.0014,0.433,0.2908,0.2763
1528546800,0.4675,48.9,0.3133,78.6,0.00114,0.4295,0.2878,0.2827
1528547100,0.4771,49.6,0.3152,76.0,0.00172,0.4291,0.2835,0.2875
1528547400,0.46,50.3,0.312,81.8,0.00146,0.4189,0.2841,0.297
1528547700,0.4675,50.6,0.315,75.6,0.00176,0.4226,0.2847,0.2927
1528548000,0.4557,50.1,0.3122,80.8,0.00105,0.4196,0.2875,0.2929
1528548300,0.5018,51.3,0.3164,73.2,0.00112,0.4381,0.2763,0.2856
1528548600,0.4988,52.7,0.3152,73.8,0.00112,0.4448,0.2811,0.2741
1528548900,0.4862,54.1,0.3162,89.3,0.00123,0.4385,0.2852,0.2763
1528549200,0.4706,53.6,0.3153,80.6,0.00147,0.4314,0.289,0.2796
1528549500,0.4158,51.6,0.3092,77.9,0.00117,0.4051,0.3012,0.2936
1528549800,0.3984,49.4,0.3052,80.7,0.0011,0.3891,0.2981,0.3128
1528550100,0.4659,49.6,0.3106,83.9,0.00109,0.415,0.2767,0.3084
1528550400,0.4415,50.1,0.3075,75.8,0.00113,0.4058,0.2826,0.3116
1528550700,0.3985,50.0,0.3006,66.6,0.00148,0.3843,0.2899,0.3257
1528551000,0.4094,49.9,0.3,65.8,0.0019,0.3785,0.2773,0.3442
1528551300,0.421,49.3,0.3079,77.4,0.00124,0.3621,0.2648,0.3731
1528551600,0.4103,49.0,0.3093,78.4,0.00206,0.3417,0.2576,0.4007
1528551900,0.4345,49.7,0.3179,82.0,0.00147,0.3388,0.2479,0.4133
1528552200,0.4576,51.2,0.3311,71.7,0.00142,0.3345,0.2421,0.4234
1528552500,0.4557,52.5,0.3351,74.2,0.00104,0.3258,0.2395,0.4347
1528552800,0.4587,53.1,0.3373,80.3,0.0014,0.3221,0.2369,0.441
1528553100,0.4543,53.6,0.3362,81.7,0.00119,0.3173,0.2348,0.4479
1528553400,0.4545,53.7,0.3383,77.7,0.00101,0.314,0.2337,0.4523
1528553700,0.4453,52.7,0.3321,72.6,0.00163,0.3142,0.2343,0.4515
1528554000,0.4395,52.2,0.3325,74.1,0.00129,0.3082,0.2332,0.4586
1528554300,0.4598,51.8,0.3444,75.1,0.00202,0.3086,0.2311,0.4603
1528554600,0.4669,51.8,0.3494,83.2,0.00133,0.3094,0.2315,0.4591
1528554900,0.4556,51.8,0.3427,85.1,0.00128,0.31,0.2332,0.4568
1528555200,0.4496,52.0,0.3374,80.5,0.00148,0.3106,0.2331,0.4562
1528555500,0.452,51.9,0.3379,85.4,0.00104,0.3127,0.2338,0.4535
1528555800,0.4541,52.3,0.3373,82.6,0.00106,0.3122,0.2319,0.4558
1528556100,0.4367,51.5,0.3331,79.6,0.00137,0.306,0.2334,0.4605
1528556400,0.4187,50.8,0.3285,79.3,0.00101,0.2997,0.2351,0.4652
1528556700,0.4191,51.0,0.3306,74.1,0.00128,0.2966,0.234,0.4694
1528557000,0.4064,51.1,0.3305,74.8,0.00134,0.289,0.235,0.476
1528557300,0.4285,51.6,0.3341,69.0,0.00138,0.2952,0.2301,0.4747
1528557600,0.4211,51.2,0.3344,70.9,0.00101,0.2875,0.2283,0.4842
1528557900,0.4167,50.9,0.3311,78.5,0.0012,0.2905,0.2308,0.4787
1528558200,0.4218,50.2,0.3329,67.6,0.00139,0.2916,0.2302,0.4782
1528558500,0.4257,49.7,0.3369,77.0,0.00105,0.2884,0.2282,0.4834
1528558800,0.4119,49.9,0.339,72.7,0.00103,0.2834,0.2332,0.4834
1528559100,0.4192,50.0,0.3412,74.8,0.00109,0.289,0.2352,0.4758
1528559400,0.4249,49.9,0.3476,76.8,0.00143,0.2868,0.2346,0.4786
1528559700,0.4805,37.2,0.3536,76.1,0.00152,0.369,0.2716,0.3594
1528560000,0.5088,38.4,0.3577,77.5,0.00251,0.3775,0.2654,0.357
1528560300,0.507,37.2,0.3648,69.4,0.00122,0.3782,0.2721,0.3497
1528560600,0.5049,37.3,0.3654,78.8,0.00166,0.3743,0.2709,0.3548
1528560900,0.5106,37.5,0.36,84.0,0.00178,0.3817,0.2691,0.3492
1528561200,0.4925,37.6,0.3502,89.0,0.00112,0.3809,0.2708,0.3483
1528561500,0.494,39.1,0.3507,74.6,0.00128,0.3777,0.2681,0.3542
1528561800,0.4878,40.8,0.3461,76.0,0.00144,0.3721,0.264,0.3639
1528562100,0.4706,40.0,0.3427,82.8,0.00105,0.3618,0.2635,0.3747
1528562400,0.4616,40.3,0.3438,79.4,0.00113,0.3544,0.264,0.3816
1528562700,0.4652,40.2,0.3397,82.2,0.0012,0.3583,0.2616,0.38
1528563000,0.4673,41.1,0.3417,79.1,0.00222,0.3532,0.2583,0.3885
1528563300,0.4828,40.7,0.3486,81.8,0.00107,0.3535,0.2553,0.3912
1528563600,0.4797,40.3,0.3506,77.2,0.00139,0.3524,0.2576,0.39
1528563900,0.4667,40.3,0.3631,78.8,0.00134,0.3378,0.2628,0.3994
1528564200,0.4586,40.0,0.358,77.6,0.00168,0.34,0.2654,0.3946
1528564500,0.4679,40.7,0.3579,77.9,0.00219,0.3432,0.2625,0.3943
1528564800,0.4794,41.3,0.3548,81.4,0.00113,0.3483,0.2578,0.394
1528565100,0.4669,41.2,0.3591,80.2,0.00174,0.3395,0.2611,0.3994
1528565400,0.471,40.4,0.3615,81.8,0.00142,0.3401,0.261,0.3989
1528565700,0.4718,39.8,0.3485,78.1,0.00109,0.3453,0.2551,0.3996
1528566000,0.4922,39.9,0.3628,74.4,0.00151,0.3471,0.2558,0.3971
1528566300,0.5082,39.6,0.3687,78.7,0.00181,0.3552,0.2577,0.3871
1528566600,0.5252,39.3,0.3673,81.4,0.00222,0.364,0.2545,0.3815
1528566900,0.5218,38.5,0.371,90.3,0.00265,0.3607,0.2565,0.3828
1528567200,0.4964,38.2,0.3576,80.0,0.00105,0.3602,0.2595,0.3804
1528567500,0.5207,38.2,0.3616,74.4,0.00215,0.3644,0.253,0.3826
1528567800,0.5149,38.8,0.3602,82.3,0.00195,0.3673,0.2569,0.3758
1528568100,0.5027,38.8,0.3503,81.1,0.00138,0.3652,0.2545,0.3803
1528568400,0.5058,37.6,0.3612,79.0,0.00133,0.3673,0.2623,0.3704
1528568700,0.5107,36.5,0.3528,88.1,0.00138,0.3814,0.2635,0.3552
1528569000,0.5103,36.7,0.355,83.8,0.00204,0.3718,0.2587,0.3695
1528569300,0.5084,36.6,0.3544,83.4,0.0017,0.3726,0.2597,0.3677
1528569600,0.5121,36.5,0.3571,83.3,0.00153,0.377,0.2629,0.3602
1528569900,0.515,37.7,0.3576,81.2,0.00182,0.3754,0.2606,0.364
1528570200,0.5399,38.7,0.3637,80.2,0.00249,0.3807,0.2565,0.3628
1528570500,0.5328,38.4,0.3614,89.7,0.00222,0.3771,0.2558,0.3672
1528570800,0.5178,38.8,0.3588,73.5,0.00155,0.367,0.2543,0.3787
1528571100,0.4999,38.4,0.3631,87.4,0.00151,0.3572,0.2594,0.3834
1528571400,0.5107,38.5,0.3619,76.1,0.00141,0.3661,0.2595,0.3744
1528571700,0.5042,39.1,0.3627,85.6,0.00142,0.3587,0.258,0.3832
1528572000,0.5189,40.8,0.3662,79.4,0.00241,0.3647,0.2573,0.378
1528572300,0.5099,41.9,0.3614,78.7,0.00203,0.3626,0.257,0.3804
1528572600,0.5002,40.9,0.3588,84.2,0.00175,0.365,0.2618,0.3732
1528572900,0.4945,40.8,0.3526,80.8,0.00163,0.3674,0.262,0.3706
1528573200,0.4932,41.2,0.3543,83.8,0.00148,0.363,0.2608,0.3762
1528573500,0.4839,41.6,0.3502,80.8,0.00152,0.3578,0.2589,0.3833
1528573800,0.4917,40.9,0.3506,72.1,0.00163,0.3637,0.2593,0.377
1528574100,0.5028,40.6,0.3468,88.3,0.0011,0.3728,0.2571,0.3701
1528574400,0.5171,40.5,0.3566,81.5,0.00199,0.3746,0.2583,0.3672
1528574700,0.5075,40.1,0.3512,71.1,0.00183,0.3715,0.2571,0.3715
1528575000,0.5193,38.9,0.3571,80.1,0.00178,0.3776,0.2596,0.3628
1528575300,0.5278,38.5,0.3582,78.8,0.00194,0.3863,0.2622,0.3515
1528575600,0.5281,39.4,0.3639,89.8,0.00366,0.3854,0.2656,0.349
1528575900,0.5354,40.0,0.3658,86.6,0.00227,0.3851,0.2631,0.3518
1528576200,0.5321,39.6,0.3628,82.7,0.00248,0.3815,0.2601,0.3585
1528576500,0.5196,38.9,0.3638,83.7,0.00208,0.3815,0.2671,0.3514
1528576800,0.5157,37.2,0.3604,84.1,0.00158,0.3903,0.2727,0.337
1528577100,0.5254,38.5,0.3656,82.7,0.00195,0.3855,0.2682,0.3463
1528577400,0.5487,39.8,0.3735,79.0,0.00256,0.3851,0.2621,0.3528
1528577700,0.5624,40.7,0.3736,85.1,0.00306,0.3893,0.2586,0.3521
1528578000,0.547,41.3,0.3698,85.7,0.00267,0.3796,0.2566,0.3638
1528578300,0.5527,40.6,0.3666,83.0,0.0028,0.3856,0.2558,0.3586
1528578600,0.5561,40.8,0.371,88.4,0.00317,0.3841,0.2563,0.3596
1528578900,0.5361,40.7,0.3725,82.9,0.00229,0.3732,0.2593,0.3675
1528579200,0.534,40.4,0.3681,79.5,0.0021,0.3739,0.2577,0.3684
1528579500,0.548,40.1,0.3667,90.0,0.00255,0.3924,0.2626,0.345
1528579800,0.5562,40.6,0.3694,85.2,0.00335,0.3921,0.2604,0.3475
1528580100,0.5445,40.0,0.3643,89.6,0.00328,0.3926,0.2627,0.3447
1528580400,0.5441,39.1,0.3736,77.8,0.00243,0.3871,0.2658,0.3471
1528580700,0.5458,38.6,0.3718,84.6,0.00239,0.388,0.2643,0.3478
1528581000,0.5458,39.2,0.3764,89.1,0.00304,0.3825,0.2638,0.3537
1528581300,0.5392,39.5,0.3733,90.2,0.00259,0.3787,0.2622,0.3592
1528581600,0.5348,39.5,0.3692,80.8,0.00274,0.3779,0.2609,0.3611
1528581900,0.5348,39.6,0.3734,87.0,0.00325,0.3789,0.2646,0.3565
1528582200,0.5145,39.4,0.3629,81.1,0.00209,0.378,0.2666,0.3554
1528582500,0.5047,39.3,0.361,73.5,0.00174,0.3728,0.2666,0.3606
1528582800,0.4871,39.9,0.3455,86.0,0.00119,0.374,0.2653,0.3607
1528583100,0.5083,42.7,0.3449,79.8,0.0013,0.3746,0.2541,0.3713
1528583400,0.4982,43.1,0.3373,76.4,0.00126,0.375,0.2539,0.3712
1528583700,0.4855,41.8,0.3292,76.7,0.00106,0.3768,0.2555,0.3677
1528584000,0.499,43.7,0.3339,77.0,0.00109,0.3666,0.2453,0.3881
1528584300,0.4957,45.4,0.336,82.6,0.00169,0.3534,0.2396,0.407
1528584600,0.4954,46.0,0.3334,88.9,0.00128,0.3438,0.2314,0.4248
1528584900,0.4952,47.3,0.3256,79.3,0.00171,0.3458,0.2274,0.4268
1528585200,0.4961,48.7,0.3242,78.7,0.00147,0.3538,0.2312,0.415
1528585500,0.5054,48.9,0.3274,81.3,0.00137,0.362,0.2345,0.4035
1528585800,0.5171,46.2,0.3299,80.4,0.00194,0.3943,0.2515,0.3542
1528586100,0.5105,48.0,0.3286,85.8,0.00153,0.3932,0.2531,0.3537
1528586400,0.5345,48.8,0.3391,85.6,0.00292,0.3864,0.2451,0.3685
1528586700,0.5313,48.9,0.3285,82.3,0.00223,0.4016,0.2483,0.35
1528587000,0.5389,50.4,0.3331,87.7,0.00248,0.3975,0.2457,0.3568
1528587300,0.5148,49.6,0.3257,80.4,0.00231,0.3915,0.2477,0.3608
1528587600,0.512,48.6,0.3258,75.9,0.00139,0.3866,0.246,0.3673
1528587900,0.5177,49.0,0.33,83.0,0.00197,0.3906,0.249,0.3605
1528588200,0.5145,48.3,0.3273,69.5,0.00168,0.3944,0.2509,0.3547
1528588500,0.5369,47.0,0.3383,84.4,0.00244,0.3975,0.2504,0.3521
1528588800,0.5341,47.8,0.3339,87.1,0.00268,0.4021,0.2513,0.3466
1528589100,0.5297,46.8,0.3376,87.4,0.0025,0.3952,0.2519,0.3529
1528589400,0.4973,44.3,0.3334,82.3,0.00159,0.4027,0.27,0.3274
1528589700,0.5,44.2,0.3315,78.9,0.00114,0.3944,0.2615,0.3442
1528590000,0.5088,43.8,0.3405,78.1,0.00138,0.39,0.261,0.349
1528590300,0.4995,42.0,0.3356,75.9,0.0016,0.3865,0.2597,0.3538
1528590600,0.5124,42.7,0.335,80.3,0.00141,0.3906,0.2554,0.354
1528590900,0.5202,41.1,0.3353,83.8,0.00275,0.4041,0.2605,0.3354
1528591200,0.4904,40.6,0.3351,75.1,0.00122,0.3908,0.2671,0.3421
1528591500,0.4888,41.0,0.3346,85.7,0.00106,0.3884,0.2659,0.3457
1528591800,0.4919,42.0,0.3303,71.4,0.0014,0.397,0.2666,0.3364
1528592100,0.4889,42.8,0.326,75.4,0.00158,0.4039,0.2693,0.3268
1528592400,0.4796,42.6,0.3242,82.6,0.00198,0.4022,0.2719,0.3259
1528592700,0.4802,43.3,0.3335,77.7,0.00119,0.3861,0.2681,0.3458
1528593000,0.4858,42.6,0.3348,77.8,0.00148,0.3857,0.2658,0.3484
1528593300,0.4827,43.8,0.3334,70.4,0.0011,0.3832,0.2647,0.3521
1528593600,0.4674,43.8,0.331,84.8,0.00175,0.3755,0.2659,0.3587
1528593900,0.473,43.5,0.3283,74.9,0.00155,0.3773,0.2618,0.3609
1528594200,0.453,41.9,0.3211,66.3,0.00189,0.3711,0.2631,0.3658
1528594500,0.4568,42.8,0.3215,74.7,0.00114,0.3607,0.2539,0.3854
1528594800,0.4527,46.4,0.3208,82.0,0.00105,0.3566,0.2527,0.3907
1528595100,0.4468,47.7,0.315,75.6,0.00122,0.3597,0.2536,0.3867
1528595400,0.4509,47.8,0.3112,73.7,0.00164,0.3812,0.2631,0.3557
1528595700,0.4472,47.5,0.312,79.1,0.00106,0.3794,0.2647,0.3559
1528596000,0.4416,48.0,0.3114,73.2,0.00124,0.3785,0.2669,0.3546
1528596300,0.4345,45.9,0.3072,77.7,0.00144,0.3828,0.2707,0.3465
1528596600,0.4387,44.5,0.312,73.1,0.00103,0.3785,0.2692,0.3522
1528596900,0.4476,44.2,0.3142,70.9,0.00125,0.371,0.2604,0.3686
1528597200,0.4439,45.1,0.3153,74.5,0.00123,0.3672,0.2608,0.3721
1528597500,0.4523,44.1,0.3199,77.8,0.00143,0.3557,0.2516,0.3927
1528597800,0.4283,39.1,0.3077,82.2,0.00115,0.3921,0.2817,0.3261
1528598100,0.4435,40.8,0.3128,71.1,0.00102,0.3852,0.2717,0.343
1528598400,0.4706,40.7,0.3172,76.5,0.0014,0.3968,0.2674,0.3358
1528598700,0.471,42.2,0.3207,76.4,0.00146,0.3949,0.2689,0.3362
1528599000,0.4707,41.7,0.3225,77.5,0.00152,0.3948,0.2705,0.3348
1528599300,0.4845,41.8,0.3224,84.0,0.00139,0.4034,0.2684,0.3281
1528599600,0.5126,43.7,0.327,76.4,0.00226,0.4141,0.2642,0.3217
1528599900,0.5173,45.2,0.3313,68.6,0.00166,0.4186,0.2681,0.3134
1528600200,0.4973,44.0,0.3285,77.0,0.00141,0.4199,0.2774,0.3027
1528600500,0.4856,44.9,0.3272,81.2,0.00113,0.4174,0.2812,0.3014
1528600800,0.4806,46.0,0.326,77.5,0.00132,0.4134,0.2804,0.3062
1528601100,0.4908,47.1,0.3258,72.9,0.00178,0.415,0.2755,0.3095
1528601400,0.4955,47.6,0.33,85.1,0.0012,0.4146,0.2761,0.3092
1528601700,0.496,47.2,0.3322,81.1,0.00174,0.4163,0.2788,0.3049
1528602000,0.4982,46.0,0.3309,75.1,0.00184,0.4224,0.2806,0.297
1528602300,0.4988,45.1,0.3297,75.2,0.00153,0.4266,0.282,0.2914
1528602600,0.4878,44.1,0.3287,68.8,0.0011,0.4244,0.286,0.2896
1528602900,0.5011,42.4,0.3255,92.9,0.00138,0.4406,0.2862,0.2733
1528603200,0.4995,43.1,0.3235,75.2,0.00146,0.4375,0.2834,0.2791
1528603500,0.5008,43.7,0.3262,83.7,0.00109,0.4378,0.2852,0.277
1528603800,0.5073,44.6,0.3268,75.3,0.0017,0.4381,0.2822,0.2797
1528604100,0.498,45.4,0.3265,81.7,0.00166,0.4315,0.2829,0.2856
1528604400,0.4962,46.1,0.3269,80.6,0.00114,0.4313,0.2841,0.2846
1528604700,0.5029,46.2,0.3265,77.5,0.00113,0.4356,0.2828,0.2816
1528605000,0.4997,45.8,0.3256,75.4,0.00103,0.4333,0.2823,0.2844
1528605300,0.4817,44.7,0.3219,75.8,0.00159,0.4241,0.2834,0.2925
1528605600,0.4956,44.2,0.3216,73.4,0.00117,0.4273,0.2773,0.2954
1528605900,0.4994,44.8,0.3212,88.7,0.00173,0.4264,0.2742,0.2994
1528606200,0.503,45.2,0.3244,86.6,0.00218,0.4239,0.2734,0.3027
1528606500,0.5236,45.8,0.3311,81.6,0.00244,0.4312,0.2726,0.2962
1528606800,0.5164,45.5,0.3309,88.7,0.00191,0.4328,0.2774,0.2898
1528607100,0.5154,44.8,0.33,72.3,0.0019,0.4401,0.2818,0.2781
1528607400,0.5145,44.6,0.3295,75.8,0.00213,0.4425,0.2834,0.2742
1528607700,0.4839,42.9,0.3235,84.5,0.00145,0.45,0.3008,0.2492
1528608000,0.4847,41.9,0.3225,76.4,0.00177,0.4522,0.3009,0.2469
1528608300,0.4811,42.0,0.3234,85.4,0.00155,0.4414,0.2967,0.262
1528608600,0.4766,41.8,0.3216,75.0,0.00133,0.4364,0.2945,0.2691
1528608900,0.4539,41.9,0.3204,74.8,0.00155,0.42,0.2964,0.2836
1528609200,0.4864,41.1,0.3257,84.3,0.0011,0.4312,0.2887,0.28
1528609500,0.4876,40.0,0.3242,81.2,0.0011,0.4422,0.294,0.2637
1528609800,0.489,38.9,0.3221,75.3,0.00133,0.4567,0.3008,0.2424
1528610100,0.4879,40.0,0.3221,79.0,0.00177,0.4508,0.2976,0.2516
1528610400,0.481,40.5,0.3201,76.4,0.00185,0.4426,0.2946,0.2628
1528610700,0.4676,41.3,0.3195,81.0,0.00108,0.4296,0.2935,0.2769
1528611000,0.4915,42.5,0.3234,74.9,0.00113,0.4349,0.2862,0.2789
1528611300,0.4987,42.8,0.3258,86.4,0.0013,0.4353,0.2844,0.2804
1528611600,0.4946,43.6,0.3273,79.7,0.00131,0.4302,0.2847,0.2851
1528611900,0.5014,43.7,0.3288,84.0,0.00111,0.4321,0.2834,0.2845
1528612200,0.4983,43.7,0.3283,73.2,0.00174,0.4303,0.2835,0.2862
1528612500,0.4875,43.4,0.3262,77.0,0.00105,0.4266,0.2854,0.288
1528612800,0.4415,42.4,0.3176,75.2,0.00126,0.4101,0.295,0.2948
1528613100,0.4402,41.8,0.3158,75.4,0.00142,0.4029,0.289,0.308
1528613400,0.4603,41.8,0.3186,79.3,0.00157,0.4015,0.2779,0.3205
1528613700,0.5292,43.9,0.3325,86.4,0.00265,0.424,0.2664,0.3096
1528614000,0.5298,45.3,0.3343,88.0,0.00292,0.4289,0.2706,0.3005
1528614300,0.5117,45.6,0.3309,83.0,0.00195,0.4295,0.2777,0.2928
1528614600,0.4951,44.8,0.3267,78.6,0.0013,0.4277,0.2822,0.29
1528614900,0.463,42.9,0.3216,84.4,0.00173,0.4205,0.2921,0.2874
1528615200,0.4838,42.6,0.3229,77.3,0.00184,0.4266,0.2847,0.2887
1528615500,0.5063,43.7,0.3272,86.3,0.0012,0.4322,0.2793,0.2884
1528615800,0.495,44.5,0.3263,91.3,0.002,0.4273,0.2816,0.2911
1528616100,0.4845,43.9,0.3254,87.4,0.00134,0.4232,0.2842,0.2926
1528616400,0.497,43.7,0.3244,73.2,0.00108,0.4328,0.2825,0.2846
1528616700,0.4901,43.4,0.3225,86.6,0.00132,0.4339,0.2855,0.2807
1528617000,0.4759,42.6,0.3199,74.3,0.00142,0.4297,0.2888,0.2815
1528617300,0.4911,42.7,0.3191,85.7,0.00184,0.4358,0.2832,0.281
1528617600,0.5062,44.4,0.3232,78.1,0.0015,0.44,0.281,0.279
1528617900,0.501,45.9,0.3235,83.4,0.00125,0.4343,0.2804,0.2853
1528618200,0.4987,47.1,0.3259,80.8,0.00199,0.4255,0.2781,0.2964
1528618500,0.5055,47.7,0.3276,72.0,0.00132,0.4276,0.2771,0.2953
1528618800,0.512,48.7,0.329,89.6,0.00161,0.4278,0.2749,0.2974
1528619100,0.4976,49.3,0.3283,79.4,0.00124,0.4205,0.2774,0.302
1528619400,0.4943,49.3,0.3269,74.6,0.00132,0.4176,0.2762,0.3062
1528619700,0.5035,49.1,0.3267,87.8,0.0012,0.4215,0.2735,0.3051
1528620000,0.5139,48.7,0.3266,75.6,0.00164,0.4304,0.2735,0.296
1528620300,0.5148,48.7,0.3267,79.2,0.00194,0.4349,0.276,0.2891
1528620600,0.5074,49.0,0.325,83.3,0.00173,0.4355,0.2789,0.2856
1528620900,0.502,49.2,0.3252,77.8,0.0015,0.4346,0.2815,0.2839
1528621200,0.4971,49.3,0.3247,72.9,0.00104,0.4322,0.2823,0.2854
1528621500,0.4869,48.8,0.3261,81.5,0.00108,0.4239,0.2839,0.2922
1528621800,0.4871,47.6,0.3255,69.4,0.00118,0.4224,0.2822,0.2954
1528622100,0.4612,45.7,0.3228,70.0,0.00134,0.4087,0.2861,0.3052
1528622400,0.4389,43.8,0.3183,83.9,0.00107,0.3947,0.2862,0.3191
1528622700,0.4709,43.9,0.3211,70.3,0.00198,0.4012,0.2736,0.3252
1528623000,0.4858,45.1,0.3222,80.0,0.00134,0.4007,0.2658,0.3335
1528623300,0.5007,47.0,0.3275,81.4,0.00158,0.4043,0.2644,0.3313
1528623600,0.5147,48.5,0.3279,89.8,0.00153,0.4117,0.2623,0.3259
1528623900,0.5106,49.4,0.3245,81.4,0.00209,0.4155,0.2641,0.3204
1528624200,0.5038,49.6,0.3202,80.2,0.0026,0.4208,0.2674,0.3118
1528624500,0.496,50.5,0.3186,70.0,0.0011,0.4177,0.2683,0.314
1528624800,0.4863,50.6,0.3187,71.3,0.00144,0.4097,0.2685,0.3218
1528625100,0.4894,50.5,0.3195,80.1,0.00103,0.4083,0.2666,0.3251
1528625400,0.4949,51.2,0.321,78.5,0.00155,0.4076,0.2644,0.3281
1528625700,0.4991,51.9,0.3202,70.7,0.00107,0.4095,0.2627,0.3278
1528626000,0.5039,53.0,0.3215,78.4,0.00188,0.4099,0.2615,0.3285
1528626300,0.5032,54.1,0.3247,76.2,0.00161,0.4085,0.2636,0.3279
1528626600,0.4949,54.8,0.3233,80.0,0.00107,0.4061,0.2653,0.3285
1528626900,0.4917,54.6,0.3227,81.0,0.00152,0.4039,0.2651,0.331
1528627200,0.5067,53.5,0.3232,78.7,0.00122,0.4132,0.2635,0.3233
1528627500,0.4967,51.9,0.3234,81.1,0.00184,0.4101,0.267,0.3228
1528627800,0.4786,50.7,0.3185,80.8,0.00152,0.4051,0.2696,0.3253
1528628100,0.4963,51.1,0.3194,72.7,0.00107,0.4119,0.2651,0.3231
1528628400,0.4837,52.0,0.3197,79.6,0.00143,0.4018,0.2655,0.3327
1528628700,0.4834,52.6,0.3232,75.8,0.00157,0.3949,0.264,0.3411
1528629000,0.4542,51.8,0.3185,70.2,0.00135,0.3805,0.2668,0.3528
1528629300,0.4222,49.9,0.3159,70.8,0.00125,0.36,0.2694,0.3706
1528629600,0.4776,48.2,0.3223,75.6,0.0012,0.3794,0.256,0.3645
1528629900,0.4973,48.4,0.3232,71.0,0.00172,0.3925,0.2551,0.3524
1528630200,0.4756,49.8,0.3214,70.0,0.00172,0.3845,0.2598,0.3557
1528630500,0.4672,50.5,0.3217,73.5,0.00142,0.3788,0.2609,0.3603
1528630800,0.4681,50.6,0.323,81.2,0.00152,0.379,0.2615,0.3596
1528631100,0.4729,48.7,0.3218,68.9,0.00141,0.3888,0.2646,0.3466
1528631400,0.4794,47.8,0.3223,81.1,0.00119,0.3983,0.2678,0.334
1528631700,0.4483,46.5,0.3198,74.4,0.00144,0.3881,0.2768,0.3351
1528632000,0.4473,45.6,0.3204,85.5,0.0017,0.3845,0.2754,0.3401
1528632300,0.4064,44.2,0.3182,77.5,0.0015,0.36,0.2818,0.3582
1528632600,0.4346,42.5,0.3188,76.8,0.00126,0.3717,0.2727,0.3556
1528632900,0.4644,42.9,0.3217,76.8,0.00101,0.3875,0.2684,0.3441
1528633200,0.444,44.8,0.3229,70.8,0.00122,0.3773,0.2744,0.3484
1528633500,0.4538,45.4,0.3207,77.7,0.00148,0.3856,0.2725,0.3418
1528633800,0.4579,45.6,0.3195,76.8,0.00133,0.3898,0.272,0.3382
1528634100,0.4637,45.9,0.3199,72.1,0.00181,0.3959,0.2731,0.331
1528634400,0.4753,44.2,0.3201,78.1,0.00128,0.4028,0.2713,0.3258
1528634700,0.435,42.6,0.3175,76.7,0.00135,0.4111,0.3,0.2889
1528635000,0.4249,41.5,0.312,81.1,0.00196,0.4029,0.2959,0.3012
1528635300,0.4208,41.2,0.3091,77.0,0.00114,0.393,0.2887,0.3184
1528635600,0.4993,43.1,0.3211,79.8,0.00106,0.4296,0.2762,0.2942
1528635900,0.5053,47.5,0.3221,91.2,0.00232,0.4222,0.2691,0.3087
1528636200,0.4717,48.0,0.3239,83.6,0.00204,0.4155,0.2853,0.2991
1528636500,0.4375,47.5,0.3181,60.9,0.00115,0.3993,0.2903,0.3103
1528636800,0.3952,45.2,0.316,68.7,0.00149,0.3778,0.3021,0.32
1528637100,0.3657,43.5,0.3163,58.2,0.00151,0.3512,0.3038,0.345
1528637400,0.3539,42.6,0.3137,79.7,0.00202,0.3323,0.2945,0.3732
1528637700,0.3551,43.0,0.3118,68.0,0.00103,0.3191,0.2802,0.4007
1528638000,0.3602,44.3,0.3134,70.0,0.00172,0.3048,0.2652,0.43
1528638300,0.3978,44.2,0.3218,69.1,0.00111,0.3156,0.2553,0.4291
1528638600,0.3993,45.0,0.3262,65.5,0.00134,0.3134,0.256,0.4307
1528638900,0.3745,46.5,0.3164,80.9,0.00209,0.296,0.2501,0.4539
1528639200,0.3984,47.9,0.3209,65.0,0.00128,0.2959,0.2383,0.4658
1528639500,0.4144,47.9,0.3289,79.2,0.00185,0.2979,0.2364,0.4657
1528639800,0.4323,45.6,0.3382,80.4,0.00167,0.3125,0.2445,0.443
1528640100,0.449,46.3,0.3488,74.6,0.0015,0.315,0.2447,0.4402
1528640400,0.4338,46.4,0.3481,68.7,0.00166,0.309,0.248,0.443
1528640700,0.4441,46.4,0.3462,73.5,0.00137,0.3142,0.2449,0.4409
1528641000,0.4315,46.3,0.3427,71.7,0.001,0.3088,0.2452,0.446
1528641300,0.4559,46.4,0.3465,80.4,0.00106,0.3177,0.2415,0.4408
1528641600,0.4477,46.8,0.3462,74.0,0.00119,0.3128,0.2419,0.4453
1528641900,0.4567,47.6,0.3448,84.5,0.00195,0.3155,0.2382,0.4463
1528642200,0.4406,46.7,0.336,75.6,0.00147,0.3171,0.2419,0.441
1528642500,0.4422,46.7,0.3423,65.2,0.00134,0.3133,0.2426,0.4441
1528642800,0.4404,46.8,0.3447,75.1,0.00187,0.3087,0.2416,0.4497
1528643100,0.4499,31.9,0.3087,70.2,0.00141,0.4745,0.3256,0.1999
1528643400,0.4971,33.9,0.3379,72.9,0.00108,0.4023,0.2735,0.3242
1528643700,0.512,36.1,0.3443,82.7,0.00194,0.3988,0.2681,0.3331
1528644000,0.5183,40.5,0.3361,81.1,0.00193,0.3913,0.2537,0.355
1528644300,0.523,42.8,0.3394,84.3,0.00181,0.3908,0.2536,0.3556
1528644600,0.5301,43.8,0.3405,85.8,0.00198,0.3892,0.25,0.3609
1528644900,0.524,44.6,0.338,75.9,0.002,0.3845,0.248,0.3675
1528645200,0.5226,44.6,0.3328,77.5,0.00187,0.3855,0.2455,0.369
1528645500,0.501,43.7,0.3214,82.0,0.00107,0.3925,0.2518,0.3557
1528645800,0.5161,43.5,0.3249,76.8,0.00214,0.3974,0.2502,0.3524
1528646100,0.5135,43.8,0.3342,87.7,0.0018,0.3837,0.2497,0.3666
1528646400,0.5135,44.4,0.3318,80.9,0.00241,0.382,0.2469,0.3711
1528646700,0.5353,44.5,0.3406,77.2,0.00259,0.3821,0.2432,0.3747
1528647000,0.5226,45.9,0.3352,84.3,0.00224,0.3785,0.2428,0.3787
1528647300,0.5249,46.2,0.34,74.1,0.00193,0.3765,0.2439,0.3797
1528647600,0.5345,47.0,0.3455,93.2,0.0021,0.3769,0.2436,0.3795
1528647900,0.5532,47.3,0.3551,93.2,0.00268,0.3818,0.2451,0.3732
1528648200,0.5196,45.5,0.3397,83.0,0.00218,0.3737,0.2443,0.382
1528648500,0.514,43.1,0.3442,84.4,0.00183,0.3731,0.2498,0.3771
1528648800,0.5324,42.9,0.3547,87.2,0.00207,0.3748,0.2497,0.3756
1528649100,0.5438,43.0,0.3559,75.8,0.00295,0.3768,0.2466,0.3766
1528649400,0.5285,43.0,0.3545,89.2,0.00201,0.367,0.2462,0.3868
1528649700,0.5103,43.0,0.3574,78.1,0.00141,0.3576,0.2504,0.392
1528650000,0.5129,42.5,0.3545,86.9,0.00198,0.36,0.2488,0.3912
1528650300,0.5259,42.5,0.3542,82.8,0.00212,0.3714,0.2502,0.3784
1528650600,0.5313,42.6,0.3575,78.3,0.00239,0.3741,0.2517,0.3742
1528650900,0.496,41.5,0.3428,84.5,0.00163,0.3711,0.2565,0.3724
1528651200,0.4903,40.6,0.3429,78.7,0.00114,0.3684,0.2577,0.3739
1528651500,0.5087,41.5,0.3477,80.6,0.00199,0.3703,0.2531,0.3767
1528651800,0.5141,42.2,0.3472,81.6,0.00147,0.3681,0.2486,0.3833
1528652100,0.5304,42.9,0.3533,79.8,0.00283,0.369,0.2458,0.3853
1528652400,0.5197,42.4,0.3536,78.7,0.00171,0.3623,0.2465,0.3912
1528652700,0.5198,41.6,0.3564,79.9,0.00178,0.3602,0.247,0.3928
1528653000,0.5054,40.7,0.3511,80.0,0.00159,0.3569,0.2479,0.3952
1528653300,0.4838,39.2,0.3418,68.6,0.00128,0.3529,0.2493,0.3977
1528653600,0.5261,38.8,0.3546,81.7,0.00264,0.3606,0.243,0.3964
1528653900,0.5411,39.3,0.36,85.4,0.00285,0.3621,0.2409,0.397
1528654200,0.5374,38.6,0.3602,89.9,0.00264,0.36,0.2413,0.3987
1528654500,0.547,38.7,0.365,82.9,0.00276,0.3614,0.2412,0.3974
1528654800,0.5383,38.8,0.365,89.2,0.00241,0.3559,0.2413,0.4028
1528655100,0.5393,39.1,0.3644,86.7,0.00225,0.3514,0.2374,0.4112
1528655400,0.5247,39.2,0.3565,86.2,0.00198,0.3472,0.2359,0.4169
1528655700,0.5426,39.5,0.3648,85.6,0.0029,0.35,0.2353,0.4147
1528656000,0.5501,38.9,0.3716,80.3,0.00265,0.3564,0.2407,0.4029
1528656300,0.5561,39.3,0.3707,82.7,0.00323,0.3577,0.2384,0.4039
1528656600,0.5494,39.0,0.3673,86.7,0.0034,0.3609,0.2413,0.3978
1528656900,0.545,38.7,0.3621,84.6,0.00295,0.3604,0.2395,0.4001
1528657200,0.5214,37.7,0.3632,81.8,0.00172,0.3519,0.2451,0.4031
1528657500,0.4801,37.3,0.355,79.2,0.00128,0.3399,0.2513,0.4087
1528657800,0.4866,38.2,0.3602,82.2,0.00137,0.3455,0.2558,0.3987
1528658100,0.5129,39.8,0.375,84.9,0.00233,0.3499,0.2558,0.3943
1528658400,0.5226,39.3,0.3756,85.3,0.00196,0.3581,0.2574,0.3846
1528658700,0.509,39.5,0.3684,81.8,0.00134,0.3576,0.2588,0.3835
1528659000,0.5061,40.0,0.3743,76.2,0.00143,0.3504,0.2592,0.3904
1528659300,0.4978,39.8,0.3716,80.9,0.00133,0.3487,0.2603,0.3909
1528659600,0.4836,39.3,0.3605,75.7,0.00114,0.3472,0.2589,0.3939
1528659900,0.4629,38.9,0.364,85.1,0.00104,0.3387,0.2663,0.395
1528660200,0.4719,39.2,0.3744,72.0,0.00116,0.3377,0.2679,0.3944
1528660500,0.4891,38.5,0.3803,76.3,0.00154,0.344,0.2675,0.3885
1528660800,0.4738,37.9,0.3742,73.0,0.00138,0.3419,0.27,0.3881
1528661100,0.4773,37.6,0.3779,71.6,0.00118,0.3375,0.2672,0.3953
1528661400,0.4768,38.2,0.3756,82.7,0.00102,0.336,0.2647,0.3993
1528661700,0.4919,36.6,0.3702,77.9,0.00122,0.3532,0.2658,0.3809
1528662000,0.5167,37.5,0.3716,79.9,0.00164,0.3576,0.2572,0.3853
1528662300,0.5318,37.9,0.3765,79.0,0.00215,0.3588,0.254,0.3871
1528662600,0.5228,37.8,0.3726,83.2,0.00245,0.3562,0.2539,0.3899
1528662900,0.5277,37.8,0.38,89.8,0.00191,0.3596,0.2589,0.3815
1528663200,0.5249,38.1,0.38,87.3,0.00226,0.3564,0.258,0.3856
1528663500,0.5267,38.3,0.3792,91.4,0.0022,0.3549,0.2555,0.3895
1528663800,0.515,37.3,0.3799,76.2,0.00168,0.351,0.2589,0.3902
1528664100,0.5295,36.5,0.3837,78.8,0.00193,0.3598,0.2607,0.3795
1528664400,0.5321,37.3,0.3844,77.0,0.00203,0.3574,0.2582,0.3844
1528664700,0.5166,37.7,0.3783,83.8,0.00165,0.3519,0.2577,0.3903
1528665000,0.5132,37.4,0.3747,80.7,0.0014,0.3623,0.2645,0.3732
1528665300,0.5126,37.8,0.3738,93.0,0.0021,0.3597,0.2623,0.3781
1528665600,0.5195,38.7,0.3704,85.0,0.00242,0.3633,0.2591,0.3776
1528665900,0.5224,38.5,0.3682,82.6,0.00238,0.364,0.2565,0.3795
1528666200,0.5365,39.5,0.3701,78.0,0.00281,0.3681,0.2539,0.378
1528666500,0.557,40.7,0.374,87.4,0.00327,0.3756,0.2522,0.3721
1528666800,0.56,41.3,0.3745,82.7,0.00331,0.3752,0.2509,0.3739
1528667100,0.5504,41.0,0.374,83.9,0.0027,0.3726,0.2532,0.3742
1528667400,0.5419,40.7,0.3687,81.7,0.00267,0.3699,0.2517,0.3784
1528667700,0.5274,39.3,0.3584,83.9,0.00254,0.3753,0.255,0.3696
1528668000,0.5004,39.3,0.3513,80.0,0.00151,0.3649,0.2562,0.3789
1528668300,0.4941,40.6,0.3458,84.9,0.00109,0.3592,0.2514,0.3895
1528668600,0.4748,41.0,0.3362,83.9,0.00129,0.3454,0.2446,0.41
1528668900,0.4778,42.0,0.3472,83.0,0.00217,0.3428,0.2491,0.4081
1528669200,0.4671,42.1,0.3379,85.3,0.00117,0.3554,0.2571,0.3875
1528669500,0.4723,42.2,0.3378,80.5,0.00102,0.3581,0.2561,0.3857
1528669800,0.468,43.6,0.3362,74.8,0.00127,0.3372,0.2422,0.4206
1528670100,0.4622,44.1,0.3328,86.5,0.00155,0.3555,0.256,0.3885
1528670400,0.4886,47.0,0.3331,82.9,0.00165,0.3575,0.2437,0.3988
1528670700,0.4927,48.5,0.329,85.5,0.00102,0.3641,0.2431,0.3928
1528671000,0.4884,50.6,0.3221,79.3,0.00113,0.3861,0.2546,0.3593
1528671300,0.4965,50.1,0.3334,88.8,0.00101,0.3741,0.2512,0.3747
1528671600,0.4861,51.9,0.3284,77.7,0.00108,0.3772,0.2548,0.368
1528671900,0.4921,52.6,0.3224,77.6,0.00151,0.3933,0.2577,0.349
1528672200,0.4959,52.9,0.3195,77.0,0.00111,0.4069,0.2621,0.331
1528672500,0.5083,52.5,0.3185,82.3,0.00156,0.4,0.2506,0.3494
1528672800,0.4839,53.1,0.3058,69.6,0.00101,0.4218,0.2666,0.3116
1528673100,0.5033,50.6,0.3138,67.0,0.00114,0.4346,0.271,0.2944
1528673400,0.5081,48.8,0.319,90.6,0.00126,0.4035,0.2534,0.3431
1528673700,0.5084,49.0,0.3128,83.1,0.00135,0.4035,0.2483,0.3483
1528674000,0.5202,51.5,0.3172,84.6,0.00193,0.4077,0.2486,0.3437
1528674300,0.5284,51.1,0.3132,84.0,0.00236,0.4114,0.2439,0.3447
1528674600,0.5499,51.4,0.3228,84.5,0.00251,0.4042,0.2372,0.3586
1528674900,0.5549,51.2,0.3263,88.0,0.00309,0.395,0.2322,0.3728
1528675200,0.5489,50.5,0.3311,84.6,0.00319,0.387,0.2335,0.3795
1528675500,0.5336,46.6,0.3225,80.9,0.00219,0.3841,0.2321,0.3838
1528675800,0.5331,44.7,0.3262,78.5,0.00208,0.397,0.2429,0.3601
1528676100,0.5233,44.0,0.3299,85.2,0.00182,0.388,0.2446,0.3675
1528676400,0.5183,44.2,0.3302,75.8,0.00183,0.3847,0.2451,0.3701
1528676700,0.5218,45.2,0.336,81.7,0.00193,0.3831,0.2467,0.3702
1528677000,0.5155,46.0,0.3316,86.6,0.00193,0.3788,0.2436,0.3776
1528677300,0.5204,47.7,0.3298,70.1,0.00244,0.3802,0.241,0.3788
1528677600,0.5171,47.3,0.3219,77.6,0.00197,0.3973,0.2473,0.3555
1528677900,0.5168,47.3,0.3199,73.6,0.00208,0.4008,0.2481,0.3511
1528678200,0.5129,46.9,0.3239,82.2,0.00155,0.3932,0.2483,0.3585
1528678500,0.5126,48.5,0.323,78.8,0.00139,0.3922,0.2472,0.3606
1528678800,0.5037,49.7,0.3254,76.5,0.00174,0.3789,0.2448,0.3764
1528679100,0.4992,51.1,0.3267,71.5,0.00121,0.3719,0.2434,0.3846
1528679400,0.5188,51.6,0.3296,87.9,0.00258,0.3794,0.241,0.3796
1528679700,0.5296,49.6,0.3323,78.8,0.00255,0.3947,0.2476,0.3577
1528680000,0.536,49.0,0.3372,93.1,0.00277,0.3946,0.2483,0.3571
1528680300,0.534,47.4,0.3353,78.2,0.00265,0.3922,0.2462,0.3616
1528680600,0.4996,43.5,0.3148,77.8,0.0015,0.4086,0.2574,0.334
1528680900,0.497,44.7,0.3091,83.5,0.00135,0.396,0.2463,0.3577
1528681200,0.5098,45.8,0.3133,78.7,0.00201,0.3847,0.2364,0.3788
1528681500,0.5118,47.0,0.3165,75.6,0.00204,0.376,0.2325,0.3915
1528681800,0.5171,48.6,0.3215,84.4,0.00197,0.3671,0.2283,0.4046
1528682100,0.5241,48.1,0.3305,78.1,0.00179,0.3594,0.2266,0.414
1528682400,0.5275,46.4,0.3374,72.7,0.00211,0.3581,0.2291,0.4128
1528682700,0.5241,45.5,0.3332,78.8,0.00228,0.3547,0.2255,0.4198
1528683000,0.5244,45.4,0.3278,87.8,0.0021,0.3652,0.2283,0.4064
1528683300,0.5155,45.1,0.3242,78.1,0.00183,0.3751,0.2359,0.389
1528683600,0.502,46.4,0.325,82.3,0.00157,0.3658,0.2368,0.3974
1528683900,0.5018,46.4,0.3282,87.1,0.0013,0.3581,0.2342,0.4077
1528684200,0.4673,42.2,0.3139,76.5,0.00127,0.3873,0.2602,0.3526
1528684500,0.4447,41.6,0.3084,65.8,0.00141,0.3862,0.2678,0.346
1528684800,0.4584,43.6,0.3135,78.2,0.00135,0.3841,0.2627,0.3533
1528685100,0.4509,44.4,0.3158,78.1,0.00194,0.3716,0.2603,0.3682
1528685400,0.4489,45.7,0.3173,71.5,0.00125,0.3664,0.259,0.3746
1528685700,0.4708,47.3,0.3192,77.9,0.00117,0.3735,0.2532,0.3732
1528686000,0.511,49.6,0.325,79.6,0.0017,0.3906,0.2484,0.361
1528686300,0.5068,52.0,0.3282,82.2,0.00126,0.3906,0.2529,0.3565
1528686600,0.4984,51.2,0.3264,80.9,0.00172,0.398,0.2607,0.3413
1528686900,0.495,51.5,0.3265,70.1,0.00144,0.398,0.2625,0.3394
1528687200,0.5033,50.6,0.3259,84.2,0.00128,0.4058,0.2628,0.3314
1528687500,0.5043,49.9,0.3274,86.0,0.00165,0.4061,0.2636,0.3303
1528687800,0.5008,49.2,0.327,78.1,0.00128,0.4081,0.2665,0.3254
1528688100,0.504,49.2,0.3273,74.3,0.00141,0.4091,0.2657,0.3252
1528688400,0.5051,49.1,0.3273,85.7,0.00172,0.4105,0.266,0.3235
1528688700,0.5117,48.9,0.3273,83.2,0.00191,0.4168,0.2666,0.3165
1528689000,0.5115,48.8,0.3274,80.2,0.00192,0.4195,0.2685,0.312
1528689300,0.5113,48.6,0.3277,86.9,0.00156,0.4215,0.2702,0.3083
1528689600,0.5103,48.0,0.3283,85.8,0.00141,0.4226,0.2719,0.3054
1528689900,0.5065,47.7,0.3278,75.9,0.00174,0.4215,0.2728,0.3058
1528690200,0.5078,47.8,0.3275,68.1,0.00125,0.4231,0.2729,0.304
1528690500,0.5078,47.8,0.3268,75.7,0.00171,0.4256,0.2739,0.3005
1528690800,0.5105,48.0,0.3276,83.3,0.00215,0.4268,0.2739,0.2993
1528691100,0.5129,47.8,0.3269,89.8,0.00174,0.4285,0.2731,0.2984
1528691400,0.5082,45.4,0.325,83.1,0.00155,0.4341,0.2776,0.2882
1528691700,0.513,45.3,0.325,81.9,0.00214,0.4355,0.2759,0.2886
1528692000,0.5157,45.3,0.3269,82.3,0.002,0.4373,0.2772,0.2854
1528692300,0.5189,44.7,0.3278,88.6,0.00157,0.4407,0.2784,0.2808
1528692600,0.5218,43.2,0.323,84.8,0.00185,0.4543,0.2812,0.2645
1528692900,0.5196,43.0,0.3222,79.9,0.00188,0.4555,0.2825,0.262
1528693200,0.5183,42.4,0.3227,79.3,0.00175,0.4537,0.2825,0.2638
1528693500,0.5206,42.1,0.3243,77.6,0.00227,0.4533,0.2824,0.2644
1528693800,0.5215,42.2,0.3247,78.3,0.00327,0.4523,0.2816,0.266
1528694100,0.5207,42.2,0.3254,79.4,0.00201,0.457,0.2856,0.2574
1528694400,0.5191,42.7,0.3256,85.9,0.00211,0.4554,0.2856,0.259
1528694700,0.5189,43.0,0.3246,78.1,0.00223,0.4548,0.2845,0.2607
1528695000,0.5204,43.1,0.3246,82.9,0.00207,0.4577,0.2855,0.2567
1528695300,0.5244,43.0,0.326,80.3,0.00199,0.4581,0.2848,0.2571
1528695600,0.5297,42.6,0.3256,88.8,0.00318,0.4614,0.2836,0.255
1528695900,0.5262,42.1,0.3253,74.0,0.00261,0.4621,0.2857,0.2522
1528696200,0.52,42.5,0.3251,82.5,0.00251,0.4597,0.2874,0.2529
1528696500,0.5179,42.6,0.3235,85.9,0.00166,0.4612,0.2881,0.2508
1528696800,0.5234,42.7,0.3229,77.0,0.00199,0.4639,0.2862,0.25
1528697100,0.52,42.1,0.3247,86.8,0.0016,0.461,0.2878,0.2512
1528697400,0.5169,42.0,0.3258,79.1,0.00267,0.4578,0.2886,0.2536
1528697700,0.5186,41.8,0.3242,82.7,0.00166,0.459,0.287,0.254
1528698000,0.5182,41.6,0.3228,77.8,0.00168,0.4588,0.2858,0.2555
1528698300,0.5164,41.5,0.3223,83.8,0.0021,0.4564,0.2849,0.2587
1528698600,0.524,41.4,0.324,79.8,0.00177,0.4574,0.2828,0.2597
1528698900,0.5254,41.5,0.3243,82.0,0.00201,0.4592,0.2835,0.2573
1528699200,0.5263,40.8,0.3242,82.0,0.0023,0.4606,0.2838,0.2556
1528699500,0.5222,40.3,0.323,82.9,0.00184,0.4599,0.2845,0.2556
1528699800,0.5235,40.7,0.324,78.1,0.00262,0.4591,0.2842,0.2567
1528700100,0.5198,40.5,0.3234,77.6,0.00259,0.4584,0.2852,0.2564
1528700400,0.5217,40.4,0.3238,87.5,0.00196,0.4592,0.285,0.2558
1528700700,0.5234,40.1,0.3247,85.3,0.00174,0.4599,0.2853,0.2548
1528701000,0.5212,40.1,0.3256,82.6,0.00285,0.4596,0.2871,0.2533
1528701300,0.5195,40.0,0.3248,82.0,0.00174,0.4638,0.29,0.2462
1528701600,0.5161,39.8,0.322,77.9,0.00222,0.4725,0.2948,0.2327
1528701900,0.5163,40.0,0.3204,84.9,0.00151,0.4747,0.2946,0.2307
1528702200,0.516,40.5,0.3206,85.2,0.0019,0.4733,0.294,0.2327
1528702500,0.5159,40.5,0.3203,87.8,0.00214,0.4728,0.2936,0.2336
1528702800,0.5225,40.8,0.32,75.8,0.00169,0.4756,0.2913,0.2331
1528703100,0.5225,41.3,0.3209,82.9,0.00188,0.475,0.2917,0.2333
1528703400,0.5272,41.9,0.3219,81.4,0.00251,0.4771,0.2913,0.2316
1528703700,0.5239,41.3,0.3212,79.2,0.0023,0.4777,0.2929,0.2295
1528704000,0.5196,41.1,0.3215,82.7,0.00181,0.4737,0.2931,0.2332
1528704300,0.5195,40.9,0.3213,75.0,0.0016,0.4741,0.2932,0.2326
1528704600,0.5214,41.2,0.3211,82.9,0.00212,0.4743,0.2921,0.2336
1528704900,0.5177,41.5,0.3218,86.1,0.00163,0.4716,0.2932,0.2352
1528705200,0.5186,41.9,0.3223,78.3,0.00197,0.4732,0.2941,0.2327
1528705500,0.5172,42.8,0.3213,87.6,0.00185,0.472,0.2933,0.2347
1528705800,0.5176,43.6,0.322,84.6,0.00163,0.4707,0.2928,0.2365
1528706100,0.5119,43.9,0.3226,81.7,0.00175,0.4661,0.2937,0.2402
1528706400,0.5193,44.9,0.3222,82.1,0.00255,0.4703,0.2918,0.2379
1528706700,0.5237,44.5,0.3233,81.9,0.00197,0.4715,0.2911,0.2375
1528707000,0.5221,43.2,0.3223,83.0,0.00169,0.4727,0.2918,0.2355
1528707300,0.5143,42.7,0.3201,82.7,0.00149,0.47,0.2925,0.2375
1528707600,0.5165,42.4,0.3211,88.9,0.00188,0.4706,0.2926,0.2368
1528707900,0.5068,42.3,0.3199,81.4,0.00133,0.4657,0.294,0.2403
1528708200,0.5086,42.8,0.3202,74.9,0.00199,0.4661,0.2934,0.2405
1528708500,0.5101,43.0,0.321,91.8,0.00199,0.4657,0.2931,0.2413
1528708800,0.5097,43.0,0.3212,80.0,0.00134,0.4642,0.2925,0.2433
1528709100,0.5055,43.8,0.3208,73.7,0.00125,0.4597,0.2917,0.2486
1528709400,0.5052,44.5,0.3208,80.5,0.00129,0.4579,0.2908,0.2513
1528709700,0.5102,44.7,0.3199,79.4,0.00149,0.4594,0.288,0.2526
1528710000,0.517,45.1,0.3194,74.3,0.00171,0.4619,0.2854,0.2527
1528710300,0.5112,45.4,0.3187,82.9,0.00152,0.4585,0.2859,0.2556
1528710600,0.5165,45.4,0.3188,84.4,0.00219,0.4615,0.2848,0.2537
1528710900,0.5072,45.5,0.3184,87.5,0.00147,0.457,0.2869,0.2561
1528711200,0.4983,45.3,0.3183,88.3,0.00185,0.4538,0.2899,0.2563
1528711500,0.4899,45.4,0.3186,75.2,0.00138,0.4477,0.2911,0.2612
1528711800,0.4832,45.3,0.3189,84.9,0.00124,0.4445,0.2934,0.2622
1528712100,0.4719,45.2,0.3165,66.3,0.00142,0.4379,0.2937,0.2684
1528712400,0.4617,45.2,0.3156,76.4,0.00135,0.4286,0.293,0.2784
1528712700,0.4151,44.5,0.3105,77.4,0.0014,0.4028,0.3013,0.2959
1528713000,0.379,42.8,0.3018,69.9,0.00113,0.3764,0.2997,0.3239
1528713300,0.3814,42.0,0.3024,77.1,0.0021,0.3601,0.2855,0.3544
1528713600,0.4441,42.5,0.3142,72.0,0.00161,0.3769,0.2667,0.3564
1528713900,0.4726,44.6,0.3222,76.6,0.00143,0.3766,0.2567,0.3667
1528714200,0.4844,46.6,0.3278,81.9,0.00198,0.3816,0.2583,0.3601
1528714500,0.4777,48.0,0.327,84.3,0.00129,0.3838,0.2627,0.3536
1528714800,0.4615,47.5,0.3235,82.4,0.00142,0.3825,0.2681,0.3494
1528715100,0.4595,46.6,0.3199,73.7,0.0012,0.3848,0.2679,0.3472
1528715400,0.4832,47.5,0.3223,81.1,0.00138,0.3961,0.2642,0.3397
1528715700,0.4725,48.8,0.3198,80.8,0.00185,0.3987,0.2698,0.3315
1528716000,0.4607,49.8,0.3194,74.9,0.00131,0.3961,0.2746,0.3293
1528716300,0.4583,50.5,0.3198,74.5,0.00117,0.4028,0.281,0.3162
1528716600,0.4764,50.9,0.3233,82.3,0.00124,0.4078,0.2767,0.3155
1528716900,0.483,51.7,0.3235,77.0,0.00156,0.4097,0.2744,0.3158
1528717200,0.479,52.4,0.3249,77.2,0.00152,0.4067,0.2759,0.3174
1528717500,0.4652,51.3,0.3212,76.4,0.00194,0.4068,0.2809,0.3123
1528717800,0.4562,50.9,0.3192,82.9,0.00115,0.404,0.2827,0.3133
1528718100,0.4503,49.7,0.318,78.1,0.00105,0.3994,0.2821,0.3185
1528718400,0.4758,49.2,0.3193,74.6,0.00102,0.4086,0.2742,0.3172
1528718700,0.4527,48.5,0.3241,79.1,0.00161,0.3931,0.2815,0.3254
1528719000,0.4476,48.7,0.3228,76.5,0.00114,0.3926,0.2831,0.3243
1528719300,0.4278,48.0,0.3164,76.8,0.00109,0.3862,0.2856,0.3281
1528719600,0.4046,47.1,0.3137,78.7,0.00123,0.3691,0.2862,0.3448
1528719900,0.398,46.3,0.3167,70.0,0.00133,0.3568,0.2839,0.3592
1528720200,0.4074,45.9,0.3164,70.9,0.00115,0.3561,0.2766,0.3673
1528720500,0.4742,47.3,0.3281,73.3,0.00118,0.3793,0.2624,0.3583
1528720800,0.472,49.0,0.3314,78.3,0.00122,0.3807,0.2673,0.3519
1528721100,0.4768,50.2,0.3279,79.6,0.00107,0.3901,0.2683,0.3416
1528721400,0.4902,51.0,0.3287,78.2,0.00134,0.4004,0.2685,0.3311
1528721700,0.4903,51.3,0.3286,76.7,0.00107,0.406,0.2721,0.3219
1528722000,0.473,51.4,0.3226,71.5,0.00101,0.4073,0.2778,0.315
1528722300,0.4474,51.7,0.3216,72.7,0.00105,0.392,0.2818,0.3262
1528722600,0.4524,51.6,0.3215,77.7,0.00133,0.3933,0.2795,0.3272
1528722900,0.4574,52.2,0.3239,77.4,0.00175,0.3936,0.2787,0.3277
1528723200,0.4164,52.2,0.3201,71.1,0.00175,0.3725,0.2863,0.3412
1528723500,0.3632,49.4,0.3123,59.1,0.0014,0.3404,0.2927,0.367
1528723800,0.3969,46.7,0.3158,76.2,0.00165,0.3481,0.277,0.3749
1528724100,0.396,46.4,0.3186,71.4,0.00122,0.3402,0.2737,0.3861
1528724400,0.415,47.2,0.3239,66.5,0.00197,0.3413,0.2664,0.3923
1528724700,0.3854,47.4,0.3204,68.5,0.00104,0.3252,0.2703,0.4045
1528725000,0.3716,46.4,0.3174,61.9,0.0011,0.3159,0.2698,0.4143
1528725300,0.3771,46.1,0.3197,61.9,0.00111,0.3067,0.26,0.4333
1528725600,0.3906,46.7,0.3203,71.7,0.00108,0.3064,0.2512,0.4424
1528725900,0.3935,47.4,0.3259,69.9,0.00124,0.3014,0.2497,0.4489
1528726200,0.3992,47.5,0.3295,71.5,0.00123,0.3028,0.2499,0.4473
1528726500,0.4092,48.2,0.3284,71.3,0.00102,0.303,0.2432,0.4538
1528726800,0.3875,48.3,0.3227,63.3,0.0015,0.297,0.2474,0.4556
1528727100,0.3922,48.6,0.3253,72.0,0.00136,0.2916,0.2419,0.4665
1528727400,0.4033,49.6,0.3313,74.1,0.001,0.2913,0.2393,0.4694
1528727700,0.4024,50.4,0.3343,82.9,0.00141,0.2868,0.2383,0.4749
1528728000,0.423,47.6,0.3293,77.3,0.00103,0.315,0.2452,0.4398
1528728300,0.4281,49.3,0.3406,64.8,0.00139,0.3116,0.2479,0.4404
1528728600,0.4336,48.4,0.3472,81.8,0.00103,0.3103,0.2485,0.4413
1528728900,0.4606,48.1,0.3502,77.4,0.00131,0.3191,0.2426,0.4383
1528729200,0.437,46.3,0.3461,69.2,0.0012,0.3114,0.2466,0.442
1528729500,0.4468,46.2,0.3507,76.2,0.00151,0.3133,0.2459,0.4408
1528729800,0.4596,46.6,0.3493,79.5,0.00177,0.3192,0.2426,0.4382
1528730100,0.4417,46.5,0.3415,75.1,0.00133,0.3113,0.2407,0.4479
1528730400,0.4454,46.7,0.3467,77.5,0.00175,0.3079,0.2396,0.4525
1528730700,0.4263,46.9,0.3338,81.1,0.00108,0.3044,0.2384,0.4572
1528731000,0.4185,47.5,0.3318,71.9,0.00149,0.2949,0.2338,0.4712
1528731300,0.4112,47.4,0.3351,70.5,0.00171,0.2822,0.2299,0.4879
1528731600,0.4262,46.9,0.3444,78.4,0.00171,0.2822,0.228,0.4898
1528731900,0.4304,46.6,0.3443,69.7,0.0012,0.2789,0.2231,0.4979
1528732200,0.4635,45.0,0.3484,80.4,0.00153,0.296,0.2225,0.4816
1528732500,0.4549,44.5,0.3484,70.0,0.00102,0.2914,0.2232,0.4854
1528732800,0.4389,44.5,0.3468,78.2,0.0012,0.2863,0.2262,0.4876
1528733100,0.4294,44.2,0.3396,60.6,0.00165,0.2845,0.225,0.4905
1528733400,0.4399,44.3,0.3482,79.0,0.00108,0.2839,0.2248,0.4913
1528733700,0.4765,44.4,0.3609,67.5,0.00114,0.2981,0.2258,0.476
1528734000,0.4707,45.2,0.3601,68.5,0.00145,0.2965,0.2268,0.4767
1528734300,0.4676,45.0,0.359,74.2,0.00159,0.294,0.2257,0.4803
1528734600,0.4421,43.9,0.3483,71.4,0.0014,0.2958,0.2331,0.4711
1528734900,0.4486,43.4,0.3441,75.0,0.00111,0.2983,0.2288,0.473
1528735200,0.4456,43.0,0.3453,83.0,0.00115,0.2898,0.2246,0.4856
1528735500,0.4492,43.3,0.3438,72.7,0.0016,0.2885,0.2208,0.4907
1528735800,0.4517,43.8,0.3498,78.3,0.00133,0.2852,0.2208,0.494
1528736100,0.4556,44.6,0.3526,82.8,0.00111,0.2826,0.2187,0.4987
1528736400,0.4599,44.9,0.3568,78.7,0.0012,0.2805,0.2177,0.5018
1528736700,0.4643,45.4,0.3549,85.9,0.00107,0.2816,0.2152,0.5032
1528737000,0.482,30.8,0.3288,75.5,0.00122,0.3835,0.2616,0.3549
1528737300,0.5052,33.0,0.3426,86.0,0.00132,0.3583,0.243,0.3987
1528737600,0.4863,33.7,0.3297,77.7,0.0014,0.3579,0.2427,0.3994
1528737900,0.4713,36.1,0.3209,77.4,0.00142,0.3565,0.2427,0.4008
1528738200,0.484,41.0,0.3272,78.6,0.00187,0.3515,0.2376,0.4109
1528738500,0.4997,42.5,0.343,74.3,0.00126,0.3425,0.2351,0.4225
1528738800,0.5143,42.2,0.3587,84.5,0.00178,0.3388,0.2363,0.425
1528739100,0.5177,41.5,0.3559,77.3,0.00165,0.3469,0.2385,0.4146
1528739400,0.5196,41.6,0.3595,87.5,0.0019,0.3406,0.2356,0.4238
1528739700,0.5396,41.5,0.3671,78.8,0.00267,0.3449,0.2347,0.4204
1528740000,0.5336,42.1,0.3669,80.8,0.003,0.3472,0.2387,0.4141
1528740300,0.5458,42.6,0.3704,81.7,0.00334,0.3521,0.239,0.4089
1528740600,0.5331,43.3,0.3642,80.6,0.00207,0.3512,0.2399,0.4089
1528740900,0.5257,42.4,0.3584,72.2,0.00222,0.3617,0.2466,0.3916
1528741200,0.5392,43.1,0.3674,82.3,0.00318,0.3616,0.2464,0.392
1528741500,0.5587,43.0,0.3757,79.8,0.00296,0.3629,0.244,0.3931
1528741800,0.5439,43.0,0.3724,79.5,0.0026,0.3564,0.244,0.3996
1528742100,0.5381,42.2,0.373,84.2,0.00221,0.3554,0.2464,0.3982
1528742400,0.53,40.1,0.375,81.7,0.00231,0.3599,0.2547,0.3854
1528742700,0.5424,39.8,0.3794,80.5,0.00251,0.3655,0.2556,0.3789
1528743000,0.5256,40.2,0.3645,83.3,0.00248,0.3663,0.254,0.3798
1528743300,0.5341,39.6,0.3695,82.6,0.00222,0.3668,0.2537,0.3795
1528743600,0.5187,40.4,0.3713,80.7,0.00168,0.354,0.2534,0.3926
1528743900,0.5336,40.3,0.3687,79.7,0.00254,0.3558,0.2458,0.3984
1528744200,0.5596,42.1,0.3784,90.2,0.00286,0.3592,0.2429,0.3979
1528744500,0.5306,42.4,0.3742,91.4,0.00217,0.3516,0.2479,0.4005
1528744800,0.514,41.8,0.3714,87.5,0.00157,0.3472,0.2509,0.4019
1528745100,0.5105,41.7,0.373,83.2,0.00139,0.3484,0.2546,0.397
1528745400,0.5099,41.6,0.3754,80.8,0.00164,0.3451,0.254,0.4009
1528745700,0.5142,42.4,0.3796,90.0,0.00182,0.3422,0.2527,0.4051
1528746000,0.5199,42.2,0.3837,91.2,0.00174,0.3419,0.2524,0.4057
1528746300,0.5389,42.8,0.3886,84.0,0.00224,0.3451,0.2489,0.406
1528746600,0.5243,42.8,0.3826,79.3,0.00215,0.3404,0.2484,0.4111
1528746900,0.5181,42.8,0.3793,80.9,0.00194,0.3394,0.2484,0.4122
1528747200,0.521,42.6,0.3842,87.5,0.00212,0.3374,0.2488,0.4139
1528747500,0.4988,43.3,0.3836,81.0,0.00103,0.3267,0.2512,0.4221
1528747800,0.5089,43.0,0.3837,85.0,0.0013,0.3303,0.249,0.4207
1528748100,0.4979,42.3,0.3768,75.1,0.00131,0.328,0.2482,0.4238
1528748400,0.5133,42.8,0.3798,77.1,0.00191,0.329,0.2434,0.4276
1528748700,0.5096,43.2,0.3749,83.2,0.00132,0.3273,0.2408,0.432
1528749000,0.5231,44.1,0.3755,84.3,0.00206,0.3324,0.2386,0.429
1528749300,0.5226,44.2,0.3762,76.7,0.00184,0.3379,0.2432,0.4189
1528749600,0.5367,44.1,0.3806,80.9,0.00336,0.3417,0.2423,0.416
1528749900,0.5329,43.5,0.3779,83.7,0.00199,0.3395,0.2407,0.4198
1528750200,0.5278,42.8,0.3745,72.9,0.0023,0.3388,0.2404,0.4209
1528750500,0.5328,41.6,0.3782,86.6,0.00216,0.3452,0.245,0.4098
1528750800,0.5103,40.4,0.3766,85.4,0.00211,0.3371,0.2488,0.4141
1528751100,0.5104,40.1,0.3708,88.1,0.00132,0.34,0.247,0.413
1528751400,0.5256,41.8,0.3771,76.9,0.00182,0.3426,0.2458,0.4115
1528751700,0.5251,42.7,0.3722,75.0,0.00193,0.3429,0.2431,0.414
1528752000,0.5414,42.3,0.3754,81.8,0.00233,0.3442,0.2386,0.4172
1528752300,0.5515,42.9,0.3794,79.4,0.0029,0.3463,0.2382,0.4155
1528752600,0.5528,42.4,0.3803,76.3,0.00273,0.3496,0.2405,0.4099
1528752900,0.5644,42.7,0.383,89.9,0.00379,0.3526,0.2393,0.4081
1528753200,0.5299,42.8,0.3722,80.2,0.00207,0.345,0.2423,0.4127
1528753500,0.5456,42.9,0.3797,86.1,0.00298,0.3464,0.2411,0.4125
1528753800,0.543,42.9,0.3757,81.1,0.00237,0.3466,0.2398,0.4137
1528754100,0.5388,43.1,0.3773,83.4,0.00222,0.345,0.2416,0.4133
1528754400,0.5355,42.8,0.3793,72.2,0.0021,0.344,0.2436,0.4124
1528754700,0.5322,41.3,0.3799,77.9,0.00278,0.3484,0.2487,0.4029
1528755000,0.5402,42.4,0.3827,87.2,0.00235,0.351,0.2487,0.4003
1528755300,0.5307,42.3,0.3796,75.8,0.0022,0.3511,0.2511,0.3977
1528755600,0.495,42.2,0.3689,78.4,0.0013,0.343,0.2556,0.4014
1528755900,0.5048,42.6,0.364,86.8,0.00157,0.3419,0.2466,0.4115
1528756200,0.4913,42.7,0.3499,81.7,0.00121,0.3419,0.2435,0.4145
1528756500,0.4882,43.6,0.3513,79.0,0.0012,0.3429,0.2467,0.4104
1528756800,0.5021,45.2,0.352,81.0,0.00171,0.3529,0.2474,0.3998
1528757100,0.5107,46.1,0.3464,86.1,0.00211,0.3614,0.2452,0.3934
1528757400,0.5063,46.9,0.3451,79.7,0.00169,0.3524,0.2402,0.4075
1528757700,0.4833,46.7,0.3322,85.0,0.00107,0.3584,0.2463,0.3953
1528758000,0.4823,46.0,0.3259,73.3,0.00178,0.3793,0.2563,0.3644
1528758300,0.4964,46.8,0.3311,82.7,0.00107,0.3747,0.2499,0.3753
1528758600,0.5138,49.1,0.3369,85.2,0.00219,0.3651,0.2394,0.3955
1528758900,0.5169,53.5,0.3333,83.6,0.0018,0.3608,0.2326,0.4066
1528759200,0.5172,56.6,0.3304,78.3,0.00158,0.367,0.2345,0.3985
1528759500,0.5224,54.7,0.3244,82.7,0.00279,0.3943,0.2448,0.3609
1528759800,0.5116,55.8,0.3257,84.2,0.00282,0.3724,0.2371,0.3905
1528760100,0.4969,56.5,0.3162,68.9,0.00146,0.3794,0.2415,0.3791
1528760400,0.5059,54.4,0.3127,82.6,0.00156,0.3926,0.2427,0.3647
1528760700,0.5101,55.8,0.3163,80.0,0.00151,0.3879,0.2405,0.3717
1528761000,0.5219,58.4,0.3193,74.9,0.00219,0.3833,0.2345,0.3822
1528761300,0.5156,60.0,0.3126,78.6,0.00167,0.3815,0.2313,0.3872
1528761600,0.5171,61.6,0.313,81.4,0.00187,0.3813,0.2308,0.3879
1528761900,0.5222,61.0,0.3149,89.2,0.00174,0.3907,0.2356,0.3737
1528762200,0.5157,58.9,0.3186,78.5,0.00219,0.3876,0.2394,0.373
1528762500,0.497,55.8,0.3163,80.6,0.00179,0.3809,0.2424,0.3766
1528762800,0.4846,46.9,0.3235,78.7,0.00166,0.376,0.251,0.3729
1528763100,0.4819,46.5,0.3255,71.9,0.00115,0.3724,0.2516,0.376
1528763400,0.48,45.7,0.3282,81.9,0.00138,0.3671,0.251,0.3818
1528763700,0.4843,46.1,0.3214,84.7,0.00115,0.3801,0.2522,0.3677
1528764000,0.5011,47.0,0.328,75.8,0.00119,0.3807,0.2492,0.3701
1528764300,0.5022,47.8,0.3295,77.7,0.00142,0.3759,0.2466,0.3774
1528764600,0.4907,46.7,0.3354,70.5,0.00113,0.365,0.2495,0.3855
1528764900,0.4997,45.8,0.3469,82.5,0.00156,0.3625,0.2517,0.3858
1528765200,0.4672,44.9,0.3385,79.9,0.00151,0.3491,0.2529,0.3979
1528765500,0.4583,45.4,0.3385,67.9,0.00101,0.3391,0.2505,0.4104
1528765800,0.467,45.3,0.3354,75.1,0.00115,0.34,0.2442,0.4158
1528766100,0.4665,46.3,0.3309,77.4,0.00107,0.3454,0.245,0.4096
1528766400,0.4639,47.8,0.3315,79.6,0.00132,0.3447,0.2463,0.409
1528766700,0.444,47.5,0.325,70.5,0.00145,0.3432,0.2512,0.4055
1528767000,0.4153,44.9,0.3179,71.7,0.00107,0.3327,0.2547,0.4126
1528767300,0.4309,46.5,0.3175,76.1,0.00126,0.3334,0.2457,0.4209
1528767600,0.4522,49.2,0.3262,72.3,0.0011,0.3359,0.2423,0.4217
1528767900,0.4652,51.4,0.3326,80.7,0.00104,0.3304,0.2362,0.4334
1528768200,0.4474,50.1,0.324,78.9,0.00146,0.3359,0.2432,0.4209
1528768500,0.4597,49.5,0.326,73.0,0.00118,0.3507,0.2487,0.4007
1528768800,0.4674,51.2,0.3301,79.0,0.00186,0.3412,0.241,0.4178
1528769100,0.4744,53.2,0.3313,82.0,0.00144,0.3407,0.2379,0.4214
1528769400,0.4732,52.8,0.3303,84.2,0.00131,0.3418,0.2386,0.4196
1528769700,0.4373,49.0,0.327,73.0,0.00147,0.3306,0.2472,0.4222
1528770000,0.4418,48.6,0.3269,71.9,0.00187,0.3295,0.2438,0.4267
1528770300,0.4517,49.7,0.3305,73.8,0.00181,0.3274,0.2396,0.433
1528770600,0.4108,43.7,0.3086,79.4,0.00149,0.3775,0.2836,0.3389
1528770900,0.4332,44.3,0.3062,79.1,0.0011,0.39,0.2757,0.3343
1528771200,0.4424,46.6,0.3164,84.1,0.00155,0.3747,0.268,0.3574
1528771500,0.45,47.4,0.3207,71.8,0.00149,0.3703,0.2639,0.3659
1528771800,0.4699,48.4,0.324,87.1,0.00168,0.3761,0.2593,0.3647
1528772100,0.4851,50.2,0.3261,75.1,0.00153,0.3785,0.2544,0.3671
1528772400,0.4892,50.0,0.3271,83.7,0.00123,0.3787,0.2532,0.368
1528772700,0.495,48.3,0.3262,78.0,0.00107,0.383,0.2524,0.3646
1528773000,0.4969,48.2,0.327,84.8,0.00153,0.385,0.2533,0.3617
1528773300,0.5163,48.2,0.3298,83.4,0.00226,0.3963,0.2531,0.3506
1528773600,0.5218,49.3,0.3321,83.1,0.00201,0.3997,0.2544,0.3458
1528773900,0.5137,50.2,0.3324,87.1,0.00161,0.4018,0.26,0.3382
1528774200,0.5241,50.4,0.3328,82.9,0.00193,0.4103,0.2606,0.3291
1528774500,0.5281,50.5,0.3347,83.7,0.00195,0.4149,0.263,0.3221
1528774800,0.5293,48.6,0.3346,81.2,0.00228,0.4212,0.2662,0.3126
1528775100,0.5251,45.8,0.333,80.6,0.00252,0.4274,0.271,0.3016
1528775400,0.515,43.8,0.3319,88.8,0.00171,0.4354,0.2806,0.284
1528775700,0.5129,43.8,0.3311,74.6,0.00217,0.4383,0.2829,0.2788
1528776000,0.5099,43.5,0.329,76.7,0.00273,0.4405,0.2842,0.2752
1528776300,0.518,44.2,0.3285,82.6,0.00204,0.4466,0.2832,0.2702
1528776600,0.5219,44.2,0.3285,80.2,0.0017,0.4498,0.2831,0.2671
1528776900,0.5214,44.5,0.3303,76.3,0.00205,0.4493,0.2846,0.266
1528777200,0.519,44.6,0.3314,79.5,0.00172,0.45,0.2873,0.2627
1528777500,0.5189,44.9,0.3304,86.8,0.0019,0.4524,0.2881,0.2596
1528777800,0.5149,44.9,0.3302,84.3,0.00251,0.4508,0.2891,0.2601
1528778100,0.515,43.9,0.3311,80.2,0.00293,0.4532,0.2913,0.2555
1528778400,0.5156,43.2,0.3286,89.6,0.00231,0.4618,0.2943,0.2439
1528778700,0.5147,42.5,0.328,80.8,0.00166,0.4622,0.2945,0.2433
1528779000,0.5177,41.8,0.327,82.6,0.00155,0.4646,0.2934,0.242
1528779300,0.5179,41.8,0.3259,69.8,0.0016,0.4648,0.2925,0.2427
1528779600,0.5088,41.6,0.3213,75.4,0.00133,0.4627,0.2922,0.2452
1528779900,0.4944,41.2,0.3173,73.0,0.00116,0.4557,0.2925,0.2518
1528780200,0.5187,42.4,0.326,74.8,0.00233,0.4555,0.2863,0.2582
1528780500,0.5265,45.1,0.3298,87.2,0.00216,0.4577,0.2867,0.2555
1528780800,0.5267,45.3,0.333,85.6,0.00194,0.4594,0.2905,0.2501
1528781100,0.5223,45.3,0.3327,83.3,0.00204,0.4602,0.2932,0.2466
1528781400,0.5185,44.1,0.3318,74.2,0.00158,0.4602,0.2945,0.2452
1528781700,0.5163,43.4,0.3305,77.5,0.00197,0.4606,0.2948,0.2446
1528782000,0.5167,43.6,0.3294,85.3,0.00166,0.4591,0.2927,0.2482
1528782300,0.5236,43.5,0.3292,83.1,0.00182,0.4631,0.2912,0.2457
1528782600,0.5266,43.2,0.3305,84.8,0.00232,0.4654,0.2921,0.2425
1528782900,0.5223,43.3,0.3308,85.7,0.00184,0.4661,0.2952,0.2386
1528783200,0.5214,43.6,0.3298,80.1,0.00191,0.4668,0.2953,0.2379
1528783500,0.5238,43.6,0.3304,85.7,0.00188,0.4676,0.295,0.2374
1528783800,0.522,43.2,0.3303,88.6,0.00235,0.4653,0.2944,0.2403
1528784100,0.5167,43.3,0.3295,88.0,0.00242,0.4634,0.2955,0.2411
1528784400,0.5215,43.4,0.3298,83.1,0.00175,0.4647,0.2939,0.2414
1528784700,0.5216,43.3,0.3293,77.7,0.00182,0.4637,0.2928,0.2435
1528785000,0.5229,43.0,0.3306,86.3,0.00235,0.4632,0.2928,0.244
1528785300,0.5179,43.1,0.3296,82.0,0.00195,0.4617,0.2938,0.2445
1528785600,0.5151,42.8,0.3268,87.2,0.00158,0.4657,0.2954,0.2389
1528785900,0.4866,42.0,0.3209,75.6,0.00178,0.461,0.304,0.235
1528786200,0.4952,40.9,0.3239,77.3,0.00173,0.4295,0.2809,0.2896
1528786500,0.5048,40.6,0.3235,84.1,0.00191,0.4419,0.2832,0.2749
1528786800,0.4884,40.9,0.3223,80.2,0.00213,0.4375,0.2887,0.2738
1528787100,0.4826,40.6,0.3227,81.7,0.00118,0.4352,0.291,0.2737
1528787400,0.4827,40.0,0.3244,84.3,0.00198,0.4317,0.2901,0.2781
1528787700,0.4861,40.2,0.326,79.0,0.00146,0.4333,0.2906,0.2762
1528788000,0.4966,39.9,0.3281,80.7,0.00156,0.4381,0.2894,0.2725
1528788300,0.4868,39.2,0.3252,81.4,0.00147,0.439,0.2932,0.2678
1528788600,0.4735,39.2,0.3219,77.9,0.00206,0.4275,0.2906,0.2818
1528788900,0.5101,40.5,0.3266,80.9,0.00147,0.4392,0.2812,0.2795
1528789200,0.52,41.6,0.3308,74.4,0.00216,0.4413,0.2808,0.2779
1528789500,0.5106,42.4,0.3279,77.6,0.00152,0.4436,0.2849,0.2715
1528789800,0.4823,40.8,0.3194,81.2,0.00139,0.4487,0.2972,0.2541
1528790100,0.4886,40.8,0.3196,78.5,0.00204,0.4517,0.2954,0.2529
1528790400,0.4937,41.4,0.3217,88.2,0.00136,0.4498,0.2931,0.2571
1528790700,0.4952,41.8,0.328,78.0,0.0012,0.4383,0.2903,0.2714
1528791000,0.4825,40.5,0.326,86.1,0.00138,0.4402,0.2974,0.2624
1528791300,0.4836,40.1,0.3259,77.2,0.00104,0.4412,0.2974,0.2614
1528791600,0.496,40.6,0.325,82.8,0.00138,0.4456,0.292,0.2625
1528791900,0.4975,41.5,0.3229,70.1,0.001,0.451,0.2927,0.2563
1528792200,0.4596,42.3,0.3169,86.0,0.00122,0.4362,0.3008,0.263
1528792500,0.443,42.4,0.3173,74.1,0.00127,0.4134,0.2961,0.2905
1528792800,0.4647,42.9,0.3205,76.4,0.00185,0.413,0.2849,0.3021
1528793100,0.4476,44.0,0.3187,72.1,0.00129,0.4008,0.2854,0.3138
1528793400,0.4267,43.7,0.3143,71.4,0.00117,0.3899,0.2872,0.3229
1528793700,0.4439,44.6,0.3169,73.7,0.00117,0.3911,0.2792,0.3297
1528794000,0.4936,46.6,0.3278,75.5,0.0015,0.4031,0.2677,0.3293
1528794300,0.5029,47.9,0.3273,74.6,0.00205,0.417,0.2714,0.3116
1528794600,0.4796,48.8,0.3229,76.6,0.00223,0.422,0.2841,0.2939
1528794900,0.4743,50.6,0.324,65.8,0.00122,0.4223,0.2884,0.2893
1528795200,0.4742,50.5,0.3238,82.4,0.00125,0.4236,0.2893,0.2871
1528795500,0.4624,49.4,0.324,73.3,0.00139,0.4181,0.2929,0.289
1528795800,0.442,48.2,0.3207,75.6,0.00215,0.4083,0.2962,0.2955
1528796100,0.4415,46.9,0.3187,73.7,0.00119,0.4071,0.2939,0.299
1528796400,0.4225,45.9,0.3148,69.5,0.00136,0.3938,0.2934,0.3128
1528796700,0.4675,47.2,0.3196,72.5,0.00123,0.4066,0.278,0.3154
1528797000,0.4926,48.7,0.3238,80.0,0.00132,0.415,0.2728,0.3121
1528797300,0.4706,48.7,0.3226,82.0,0.00169,0.4098,0.2809,0.3093
1528797600,0.4525,49.0,0.3186,74.6,0.00112,0.4137,0.2913,0.295
1528797900,0.4777,50.7,0.3229,80.3,0.00123,0.4186,0.2829,0.2985
1528798200,0.4729,51.5,0.3232,71.1,0.00136,0.4159,0.2842,0.2999
1528798500,0.4426,52.7,0.3191,78.3,0.00182,0.4035,0.2909,0.3055
1528798800,0.4221,52.2,0.3153,71.9,0.00132,0.3938,0.2942,0.312
1528799100,0.4468,51.0,0.3183,78.3,0.00116,0.4009,0.2856,0.3134
1528799400,0.4231,49.6,0.3158,69.1,0.00172,0.3838,0.2864,0.3298
1528799700,0.4415,48.0,0.3191,75.8,0.00179,0.3879,0.2803,0.3318
1528800000,0.4483,48.0,0.3211,78.9,0.0017,0.3823,0.2738,0.3438
1528800300,0.446,49.3,0.3235,69.1,0.00104,0.3754,0.2723,0.3522
1528800600,0.4855,51.6,0.3247,76.3,0.00121,0.3969,0.2655,0.3376
1528800900,0.4984,53.6,0.3267,83.6,0.00134,0.4053,0.2657,0.329
1528801200,0.4955,54.0,0.3251,75.1,0.00102,0.4152,0.2724,0.3124
1528801500,0.4751,50.3,0.3269,85.2,0.00145,0.4252,0.2926,0.2822
1528801800,0.4698,51.9,0.3287,76.5,0.00127,0.4215,0.2949,0.2836
1528802100,0.4714,51.4,0.3276,71.8,0.0012,0.4222,0.2934,0.2844
1528802400,0.4506,50.4,0.3268,77.8,0.0019,0.4101,0.2974,0.2926
1528802700,0.4512,49.5,0.3259,76.4,0.001,0.4092,0.2956,0.2952
1528803000,0.4737,49.4,0.3287,77.6,0.00164,0.4176,0.2898,0.2926
1528803300,0.4596,49.3,0.3299,74.0,0.00226,0.4111,0.2951,0.2938
1528803600,0.398,47.7,0.322,77.8,0.00151,0.3819,0.3089,0.3092
1528803900,0.3663,45.0,0.3157,72.4,0.00162,0.3585,0.309,0.3325
1528804200,0.4255,43.8,0.3225,76.3,0.00187,0.3806,0.2884,0.331
1528804500,0.4387,44.9,0.3284,77.6,0.0014,0.3848,0.2881,0.3271
1528804800,0.4183,46.0,0.3233,72.2,0.0014,0.3845,0.2972,0.3183
1528805100,0.4443,47.3,0.327,64.9,0.00108,0.3943,0.2902,0.3155
1528805400,0.4481,47.4,0.328,77.9,0.00108,0.3992,0.2922,0.3087
1528805700,0.4503,47.4,0.3271,70.5,0.00159,0.4024,0.2923,0.3053
1528806000,0.416,47.2,0.3235,68.7,0.00123,0.3843,0.2989,0.3168
1528806300,0.4414,46.9,0.3263,59.8,0.00174,0.3972,0.2936,0.3091
1528806600,0.4464,47.4,0.329,73.3,0.00116,0.3984,0.2937,0.3079
1528806900,0.4629,48.2,0.3342,81.3,0.00137,0.4097,0.2958,0.2945
1528807200,0.4642,49.6,0.3339,75.0,0.00128,0.4147,0.2983,0.287
1528807500,0.4635,49.8,0.3336,69.9,0.0017,0.4166,0.2998,0.2836
1528807800,0.4515,49.4,0.3315,65.8,0.00165,0.4204,0.3087,0.2708
1528808100,0.4475,49.7,0.3321,75.7,0.00173,0.4188,0.3108,0.2704
1528808400,0.4306,49.8,0.3272,76.3,0.00223,0.4137,0.3143,0.272
1528808700,0.4291,50.0,0.3256,72.6,0.00146,0.4115,0.3122,0.2762
1528809000,0.4476,50.9,0.3291,69.4,0.00136,0.4137,0.3042,0.2821
1528809300,0.454,51.2,0.3294,76.3,0.0012,0.4161,0.3019,0.2819
1528809600,0.462,52.1,0.3312,74.9,0.00152,0.4179,0.2996,0.2825
1528809900,0.4573,49.4,0.326,71.4,0.00128,0.4295,0.3062,0.2643
1528810200,0.4146,48.2,0.3195,72.1,0.00165,0.4106,0.3165,0.2729
1528810500,0.3743,46.9,0.315,64.4,0.00179,0.3734,0.3142,0.3123
1528810800,0.3564,44.2,0.3128,63.0,0.00164,0.3486,0.3059,0.3455
1528811100,0.36,41.0,0.3075,72.2,0.00136,0.3597,0.3073,0.333
1528811400,0.3934,40.7,0.3229,65.1,0.00131,0.3566,0.2927,0.3506
1528811700,0.3955,42.7,0.3248,76.0,0.0015,0.3396,0.2789,0.3815
1528812000,0.413,44.8,0.333,78.3,0.00128,0.3337,0.2691,0.3972
1528812300,0.4193,46.3,0.3403,69.5,0.00177,0.3246,0.2634,0.412
1528812600,0.4198,45.8,0.3493,73.1,0.00159,0.3153,0.2623,0.4224
1528812900,0.4128,45.1,0.3508,77.2,0.00152,0.3052,0.2594,0.4354
1528813200,0.3927,44.2,0.3383,71.8,0.00169,0.3074,0.2648,0.4278
1528813500,0.4162,44.8,0.3227,69.3,0.00128,0.3253,0.2522,0.4224
1528813800,0.4731,48.4,0.3336,78.2,0.00102,0.3414,0.2408,0.4178
1528814100,0.5051,50.8,0.3491,84.7,0.00123,0.3411,0.2358,0.4231
1528814400,0.5013,52.3,0.3486,71.7,0.00111,0.334,0.2322,0.4338
1528814700,0.492,49.6,0.3386,82.7,0.00133,0.3438,0.2366,0.4196
1528815000,0.4734,49.2,0.3236,77.2,0.00139,0.3494,0.2389,0.4117
1528815300,0.4963,51.8,0.3373,82.6,0.00193,0.3465,0.2355,0.418
1528815600,0.4847,53.1,0.3376,81.2,0.00148,0.3353,0.2335,0.4312
1528815900,0.4904,53.9,0.3405,75.4,0.00103,0.3325,0.2309,0.4366
1528816200,0.4996,53.9,0.3428,83.4,0.00124,0.3349,0.2298,0.4353
1528816500,0.5457,37.8,0.3489,78.8,0.00247,0.4404,0.2816,0.278
1528816800,0.5664,39.5,0.3675,78.0,0.00396,0.4227,0.2743,0.3031
1528817100,0.5697,40.1,0.3669,95.1,0.00358,0.417,0.2685,0.3145
1528817400,0.5577,40.7,0.3641,76.9,0.00371,0.4097,0.2675,0.3229
1528817700,0.5547,41.2,0.3697,82.1,0.00289,0.4003,0.2668,0.3329
1528818000,0.5536,41.5,0.3689,79.7,0.00334,0.4064,0.2708,0.3227
1528818300,0.5447,40.7,0.3622,87.3,0.00244,0.4056,0.2697,0.3246
1528818600,0.5688,41.7,0.3732,88.2,0.00328,0.4087,0.2681,0.3232
1528818900,0.57,41.3,0.3734,77.1,0.00321,0.4113,0.2694,0.3193
1528819200,0.5204,40.8,0.3475,84.3,0.00188,0.3957,0.2642,0.34
1528819500,0.5422,40.1,0.3662,79.8,0.00242,0.4011,0.2709,0.328
1528819800,0.56,40.5,0.3693,84.8,0.00395,0.4043,0.2667,0.329
1528820100,0.5558,40.8,0.3642,83.4,0.00272,0.4038,0.2646,0.3316
1528820400,0.5645,41.3,0.3723,79.5,0.0035,0.4034,0.266,0.3306
1528820700,0.5759,40.5,0.3662,79.4,0.00341,0.4144,0.2635,0.322
1528821000,0.551,39.0,0.3394,79.9,0.00269,0.4417,0.2721,0.2862
1528821300,0.5701,39.3,0.3614,79.4,0.00329,0.4205,0.2666,0.3129
1528821600,0.5703,39.8,0.3651,83.2,0.00326,0.4163,0.2665,0.3172
1528821900,0.5823,40.1,0.3774,87.1,0.00364,0.4132,0.2678,0.319
1528822200,0.5724,40.8,0.3703,83.3,0.0035,0.4099,0.2652,0.3249
1528822500,0.566,40.4,0.3683,82.4,0.00307,0.41,0.2668,0.3233
1528822800,0.5688,39.6,0.3669,83.9,0.00325,0.4146,0.2674,0.318
1528823100,0.5658,39.1,0.37,84.7,0.0032,0.415,0.2714,0.3137
1528823400,0.566,38.9,0.3761,90.4,0.00357,0.4125,0.2741,0.3134
1528823700,0.576,38.4,0.3733,83.0,0.00363,0.4175,0.2706,0.3119
1528824000,0.553,38.3,0.3646,83.8,0.00319,0.4071,0.2684,0.3245
1528824300,0.5518,38.2,0.3647,85.1,0.00273,0.4034,0.2666,0.33
1528824600,0.5389,37.5,0.3653,84.0,0.00257,0.4015,0.2722,0.3263
1528824900,0.5291,37.9,0.3688,83.9,0.00228,0.3949,0.2753,0.3298
1528825200,0.5231,37.5,0.3613,73.2,0.00214,0.4014,0.2772,0.3214
1528825500,0.5369,37.8,0.3692,85.1,0.00261,0.3997,0.2749,0.3254
1528825800,0.5313,38.1,0.3538,76.6,0.00209,0.4151,0.2764,0.3085
1528826100,0.5454,37.9,0.3613,88.4,0.0028,0.4076,0.27,0.3225
1528826400,0.5464,38.7,0.3568,83.0,0.0025,0.4004,0.2614,0.3382
1528826700,0.5196,39.4,0.3456,73.2,0.0023,0.3905,0.2597,0.3498
1528827000,0.5115,41.8,0.3411,80.5,0.00141,0.3911,0.2608,0.3481
1528827300,0.5202,42.5,0.3489,82.0,0.00165,0.3877,0.26,0.3523
1528827600,0.5108,42.7,0.34,71.4,0.00224,0.3895,0.2593,0.3512
1528827900,0.5007,43.9,0.3405,78.6,0.00122,0.3796,0.2581,0.3623
1528828200,0.4929,45.6,0.3363,71.8,0.00109,0.3693,0.252,0.3787
1528828500,0.5054,46.4,0.3492,84.5,0.00155,0.3624,0.2504,0.3872
1528828800,0.4926,47.7,0.3285,76.8,0.00178,0.367,0.2448,0.3882
1528829100,0.5145,49.0,0.3317,79.7,0.00204,0.3809,0.2455,0.3736
1528829400,0.5178,50.2,0.3399,77.1,0.00229,0.3658,0.2402,0.394
1528829700,0.5049,50.3,0.3429,70.9,0.00118,0.3557,0.2416,0.4027
1528830000,0.477,50.0,0.3447,80.7,0.00171,0.3433,0.2481,0.4086
1528830300,0.4623,48.8,0.3316,80.9,0.0012,0.3391,0.2432,0.4177
1528830600,0.4864,49.6,0.3414,76.4,0.00106,0.3405,0.239,0.4205
1528830900,0.4851,51.1,0.3423,81.4,0.00132,0.3351,0.2364,0.4285
1528831200,0.4886,51.6,0.3487,87.9,0.00123,0.336,0.2398,0.4241
1528831500,0.5013,53.2,0.3508,80.6,0.00115,0.3367,0.2356,0.4277
1528831800,0.5094,51.6,0.3541,76.5,0.00173,0.3389,0.2356,0.4254
1528832100,0.5083,51.5,0.361,76.6,0.00158,0.3329,0.2364,0.4306
1528832400,0.4791,51.1,0.3437,74.7,0.00104,0.3323,0.2384,0.4293
1528832700,0.4836,51.2,0.3468,78.5,0.00166,0.331,0.2374,0.4317
1528833000,0.4948,51.4,0.3557,81.4,0.00116,0.33,0.2372,0.4328
1528833300,0.4709,50.6,0.3476,76.2,0.00118,0.3275,0.2418,0.4307
1528833600,0.4837,50.3,0.3477,78.3,0.00135,0.3371,0.2423,0.4205
1528833900,0.4575,48.7,0.3361,86.6,0.00111,0.3359,0.2468,0.4173
1528834200,0.46,49.0,0.343,82.1,0.00112,0.3282,0.2447,0.4271
1528834500,0.4595,47.5,0.3421,79.1,0.00155,0.3316,0.2469,0.4216
1528834800,0.4931,44.5,0.3545,77.6,0.00112,0.3441,0.2474,0.4085
1528835100,0.4842,44.9,0.3517,74.8,0.00231,0.3396,0.2467,0.4137
1528835400,0.5386,46.5,0.3762,84.2,0.00226,0.3464,0.242,0.4116
1528835700,0.5058,47.0,0.3583,78.6,0.00175,0.3366,0.2384,0.425
1528836000,0.4986,47.1,0.3468,74.2,0.00178,0.3328,0.2315,0.4357
1528836300,0.5165,48.2,0.3649,78.1,0.00172,0.3279,0.2316,0.4405
1528836600,0.545,47.6,0.3674,79.9,0.00262,0.3354,0.2261,0.4385
1528836900,0.5188,47.0,0.3506,83.8,0.00158,0.328,0.2217,0.4503
1528837200,0.5302,45.6,0.3614,89.6,0.0021,0.3362,0.2292,0.4346
1528837500,0.5509,46.4,0.3743,81.3,0.00253,0.338,0.2296,0.4324
1528837800,0.5471,47.4,0.3752,82.9,0.00268,0.3325,0.228,0.4395
1528838100,0.5321,48.4,0.371,77.2,0.00229,0.3252,0.2267,0.4481
1528838400,0.5403,47.3,0.3752,92.7,0.00233,0.3283,0.228,0.4437
1528838700,0.5484,47.4,0.3753,77.7,0.00293,0.3269,0.2237,0.4494
1528839000,0.5546,47.4,0.3761,89.0,0.00409,0.3266,0.2215,0.4518
1528839300,0.5542,46.9,0.3771,80.3,0.00268,0.3318,0.2258,0.4424
1528839600,0.5434,46.6,0.38,81.9,0.00236,0.327,0.2287,0.4444
1528839900,0.5342,47.5,0.3766,77.6,0.0024,0.325,0.2291,0.4458
1528840200,0.5255,47.1,0.3762,84.9,0.00222,0.3241,0.232,0.4438
1528840500,0.5123,45.8,0.3682,74.1,0.00141,0.3209,0.2306,0.4485
1528840800,0.4969,44.9,0.3603,80.7,0.00217,0.3203,0.2323,0.4474
1528841100,0.4506,45.9,0.3468,71.6,0.00174,0.302,0.2324,0.4656
1528841400,0.4536,45.8,0.3308,77.6,0.00139,0.3138,0.2288,0.4574
1528841700,0.4456,46.5,0.3197,71.9,0.00124,0.3095,0.2221,0.4684
1528842000,0.4287,46.7,0.317,76.9,0.00127,0.3022,0.2234,0.4744
1528842300,0.4328,49.6,0.3171,76.6,0.00139,0.2898,0.2123,0.4978
1528842600,0.4483,50.4,0.3204,76.0,0.00121,0.292,0.2087,0.4992
1528842900,0.4489,50.7,0.3137,73.0,0.00147,0.3053,0.2134,0.4813
1528843200,0.4509,51.1,0.3103,81.2,0.00123,0.2975,0.2047,0.4978
1528843500,0.4493,51.0,0.3068,67.7,0.00132,0.3063,0.2091,0.4846
1528843800,0.4452,51.9,0.3084,78.3,0.00141,0.3112,0.2156,0.4732
1528844100,0.4797,53.8,0.3198,80.0,0.00135,0.3184,0.2123,0.4693
1528844400,0.4854,54.4,0.3145,89.0,0.0011,0.314,0.2035,0.4825
1528844700,0.4781,56.5,0.3088,70.4,0.00114,0.3161,0.2042,0.4797
1528845000,0.4798,56.5,0.3056,78.4,0.00167,0.3133,0.1996,0.4871
1528845300,0.4834,56.2,0.3131,85.1,0.00112,0.3133,0.2029,0.4839
1528845600,0.474,56.8,0.3149,79.6,0.00183,0.3053,0.2028,0.4919
1528845900,0.4793,58.9,0.3175,71.9,0.00109,0.3122,0.2068,0.481
1528846200,0.4873,60.3,0.3249,69.6,0.00146,0.3061,0.2041,0.4898
1528846500,0.4835,60.7,0.3195,82.1,0.00199,0.3051,0.2016,0.4933
1528846800,0.4723,60.7,0.3199,85.6,0.00138,0.3126,0.2117,0.4757
1528847100,0.4796,61.5,0.3185,76.5,0.00115,0.3133,0.208,0.4787
1528847400,0.477,62.0,0.3153,78.5,0.00112,0.3154,0.2085,0.476
1528847700,0.4794,60.4,0.3181,80.7,0.00147,0.3131,0.2077,0.4792
1528848000,0.4639,57.6,0.308,71.1,0.00111,0.3163,0.21,0.4736
1528848300,0.4775,56.7,0.3177,87.5,0.00107,0.3194,0.2125,0.4681
1528848600,0.463,54.5,0.3178,76.3,0.00169,0.3081,0.2115,0.4804
1528848900,0.4506,55.2,0.3099,68.8,0.00129,0.3147,0.2164,0.4689
1528849200,0.424,55.6,0.3043,80.5,0.00138,0.3058,0.2194,0.4748
1528849500,0.4247,56.0,0.3092,67.7,0.00218,0.295,0.2148,0.4902
1528849800,0.4358,58.4,0.3044,74.3,0.00127,0.3054,0.2133,0.4812
1528850100,0.45,60.9,0.3109,85.6,0.00138,0.3012,0.2081,0.4907
1528850400,0.457,60.2,0.3081,72.7,0.0016,0.2992,0.2017,0.4991
1528850700,0.4617,62.6,0.3054,66.5,0.00146,0.3085,0.2041,0.4874
1528851000,0.4528,64.3,0.3071,77.8,0.00159,0.3077,0.2087,0.4836
1528851300,0.4606,65.2,0.3155,78.0,0.00165,0.3021,0.207,0.4909
1528851600,0.4446,63.3,0.3117,89.9,0.00169,0.2982,0.2091,0.4927
1528851900,0.4389,63.8,0.3085,75.3,0.00115,0.3073,0.216,0.4767
1528852200,0.4171,62.0,0.3077,66.8,0.00159,0.3035,0.2239,0.4725
1528852500,0.4321,58.9,0.301,79.0,0.00232,0.3194,0.2225,0.458
1528852800,0.4127,55.7,0.2938,77.5,0.00132,0.3268,0.2326,0.4406
1528853100,0.3985,54.6,0.2968,67.3,0.00208,0.2936,0.2187,0.4877
1528853400,0.3998,58.2,0.2989,72.8,0.00199,0.2898,0.2167,0.4936
1528853700,0.4207,60.5,0.302,69.2,0.00114,0.2903,0.2084,0.5013
1528854000,0.4247,64.8,0.3039,66.9,0.00138,0.2858,0.2045,0.5096
1528854300,0.446,64.9,0.3017,74.4,0.0022,0.3062,0.2071,0.4867
1528854600,0.4836,67.1,0.312,72.3,0.00115,0.3082,0.1988,0.493
1528854900,0.4907,70.5,0.3123,84.2,0.0016,0.3154,0.2007,0.4839
1528855200,0.4946,70.3,0.3185,73.1,0.00122,0.316,0.2035,0.4805
1528855500,0.5184,66.1,0.327,83.1,0.00191,0.3263,0.2058,0.4679
1528855800,0.4758,60.8,0.3233,80.2,0.00149,0.3137,0.2131,0.4732
1528856100,0.4907,59.6,0.3241,83.6,0.00169,0.3261,0.2154,0.4585
1528856400,0.4893,58.6,0.3236,75.5,0.00159,0.3281,0.217,0.455
1528856700,0.5203,59.3,0.3261,75.3,0.00187,0.3364,0.2108,0.4527
1528857000,0.4908,47.6,0.3186,80.8,0.00127,0.4072,0.2643,0.3285
1528857300,0.4823,48.9,0.3221,80.3,0.00162,0.4004,0.2674,0.3322
1528857600,0.4876,50.7,0.3241,83.3,0.00166,0.3945,0.2622,0.3433
1528857900,0.4844,52.4,0.3264,85.4,0.00146,0.389,0.2621,0.3488
1528858200,0.4938,53.0,0.3278,77.4,0.00139,0.3926,0.2606,0.3468
1528858500,0.4928,53.1,0.3283,73.9,0.0016,0.3929,0.2618,0.3453
1528858800,0.4943,52.7,0.33,71.9,0.00111,0.3928,0.2622,0.345
1528859100,0.4924,51.5,0.3303,88.1,0.00108,0.3966,0.266,0.3374
1528859400,0.4981,51.3,0.3328,79.3,0.00223,0.399,0.2666,0.3344
1528859700,0.4899,50.5,0.3321,82.8,0.00102,0.3955,0.2681,0.3364
1528860000,0.4622,42.4,0.322,73.5,0.00128,0.4083,0.2844,0.3073
1528860300,0.466,43.4,0.323,75.3,0.00135,0.4044,0.2803,0.3152
1528860600,0.4772,43.1,0.3259,78.3,0.00157,0.405,0.2766,0.3185
1528860900,0.482,42.8,0.3259,78.6,0.00151,0.4087,0.2764,0.3149
1528861200,0.4824,43.1,0.3255,81.0,0.0013,0.4065,0.2743,0.3192
1528861500,0.4789,44.1,0.3266,75.8,0.00217,0.4032,0.275,0.3218
1528861800,0.4735,44.5,0.3253,67.2,0.00124,0.4026,0.2766,0.3209
1528862100,0.4767,44.7,0.3259,75.1,0.00132,0.4046,0.2766,0.3189
1528862400,0.4717,45.6,0.3244,83.4,0.00127,0.4042,0.278,0.3178
1528862700,0.4797,45.0,0.324,73.5,0.00105,0.4071,0.275,0.3179
1528863000,0.4778,45.3,0.3226,76.5,0.00173,0.4075,0.2751,0.3174
1528863300,0.4744,45.3,0.3226,76.8,0.00177,0.4023,0.2736,0.3241
1528863600,0.48,46.0,0.3229,84.8,0.00139,0.4052,0.2726,0.3222
1528863900,0.4668,46.6,0.3214,85.7,0.00197,0.3999,0.2753,0.3248
1528864200,0.4811,47.4,0.3203,75.0,0.00104,0.4067,0.2708,0.3225
1528864500,0.4978,49.7,0.3236,90.1,0.00138,0.4101,0.2666,0.3233
1528864800,0.4987,52.1,0.3272,71.0,0.00103,0.4088,0.2682,0.323
1528865100,0.4986,53.3,0.3298,79.5,0.001,0.4109,0.2718,0.3173
1528865400,0.5077,52.2,0.3301,81.6,0.00207,0.4215,0.2741,0.3044
1528865700,0.5048,51.3,0.3296,77.8,0.00133,0.4234,0.2764,0.3002
1528866000,0.4977,50.8,0.3288,83.7,0.00158,0.4197,0.2772,0.3031
1528866300,0.4988,50.2,0.3304,74.0,0.00153,0.419,0.2776,0.3034
1528866600,0.4876,49.3,0.3308,79.8,0.0011,0.4148,0.2814,0.3038
1528866900,0.4672,48.4,0.3289,64.2,0.00108,0.4058,0.2857,0.3085
1528867200,0.4578,45.5,0.3255,74.3,0.00123,0.4122,0.2931,0.2946
1528867500,0.4637,44.7,0.3261,74.1,0.00127,0.4153,0.292,0.2927
1528867800,0.4711,44.6,0.3262,75.8,0.00256,0.4188,0.29,0.2911
1528868100,0.4643,45.7,0.3258,76.6,0.00119,0.4136,0.2902,0.2962
1528868400,0.4662,46.5,0.3266,81.3,0.00106,0.4132,0.2895,0.2973
1528868700,0.4654,46.8,0.3263,79.8,0.00161,0.4126,0.2893,0.2982
1528869000,0.4693,46.4,0.324,79.4,0.00104,0.4163,0.2874,0.2963
1528869300,0.466,46.4,0.3229,70.0,0.00128,0.4135,0.2866,0.2999
1528869600,0.4695,47.5,0.3238,86.3,0.00182,0.4133,0.2851,0.3016
1528869900,0.4665,47.8,0.3272,78.5,0.00145,0.4111,0.2883,0.3006
1528870200,0.4553,47.3,0.3223,66.4,0.00127,0.4116,0.2914,0.297
1528870500,0.4552,47.2,0.3217,78.9,0.00104,0.41,0.2897,0.3003
1528870800,0.4611,47.2,0.3251,78.8,0.00177,0.4073,0.2872,0.3055
1528871100,0.4704,47.0,0.3252,77.7,0.00136,0.4123,0.285,0.3027
1528871400,0.4809,46.8,0.3259,78.8,0.0014,0.4153,0.2815,0.3032
1528871700,0.4676,46.5,0.3257,74.3,0.00122,0.4077,0.2839,0.3084
1528872000,0.4587,46.1,0.3251,74.3,0.00161,0.4024,0.2852,0.3124
1528872300,0.4495,46.2,0.3237,94.0,0.00114,0.3951,0.2845,0.3204
1528872600,0.4557,46.5,0.3229,76.1,0.00125,0.3967,0.2811,0.3223
1528872900,0.4631,47.7,0.3235,65.8,0.00144,0.3996,0.2792,0.3212
1528873200,0.4631,48.2,0.325,78.1,0.00139,0.3984,0.2796,0.322
1528873500,0.4591,48.5,0.3284,69.8,0.001,0.3945,0.2822,0.3233
1528873800,0.4443,48.3,0.3264,81.2,0.00127,0.3866,0.284,0.3294
1528874100,0.4335,48.4,0.3223,80.4,0.00122,0.3806,0.283,0.3364
1528874400,0.431,49.5,0.3215,70.2,0.00131,0.3767,0.281,0.3423
1528874700,0.4286,51.0,0.3218,69.8,0.00173,0.3725,0.2797,0.3478
1528875000,0.4258,52.2,0.3217,79.7,0.00145,0.3673,0.2775,0.3551
1528875300,0.4221,53.2,0.3193,86.0,0.00124,0.3636,0.275,0.3613
1528875600,0.4334,54.8,0.3161,70.8,0.00101,0.3697,0.2696,0.3607
1528875900,0.4357,56.8,0.3191,75.0,0.00111,0.3659,0.268,0.3661
1528876200,0.4415,57.0,0.3205,76.0,0.00176,0.3666,0.2661,0.3672
1528876500,0.4354,56.8,0.3195,66.5,0.00181,0.3671,0.2694,0.3635
1528876800,0.4361,56.4,0.3196,70.9,0.00104,0.3671,0.269,0.3639
1528877100,0.4338,56.7,0.3197,83.8,0.00119,0.3654,0.2693,0.3653
1528877400,0.432,57.6,0.3204,69.2,0.00106,0.3622,0.2687,0.3691
1528877700,0.451,52.5,0.3131,87.3,0.00131,0.4097,0.2844,0.3059
1528878000,0.4565,54.1,0.3162,82.8,0.00131,0.4056,0.2809,0.3135
1528878300,0.4756,54.2,0.3213,75.2,0.00114,0.4029,0.2722,0.3248
1528878600,0.4681,54.2,0.3175,71.7,0.00123,0.3989,0.2706,0.3305
1528878900,0.4649,54.4,0.3161,78.9,0.00108,0.3969,0.2699,0.3332
1528879200,0.4621,54.8,0.3143,83.9,0.00168,0.4075,0.2771,0.3154
1528879500,0.4813,56.3,0.3216,75.6,0.00151,0.4097,0.2738,0.3165
1528879800,0.4669,55.1,0.322,78.8,0.0015,0.406,0.28,0.314
1528880100,0.4704,55.0,0.3216,73.4,0.00142,0.4104,0.2806,0.3089
1528880400,0.4797,54.9,0.3248,81.3,0.0011,0.414,0.2803,0.3057
1528880700,0.4692,55.0,0.3248,72.8,0.00142,0.4117,0.285,0.3033
1528881000,0.4567,55.2,0.3239,73.2,0.00131,0.4062,0.2881,0.3057
1528881300,0.4544,55.0,0.3231,82.7,0.00128,0.4046,0.2877,0.3077
1528881600,0.4485,54.3,0.3231,66.8,0.00117,0.3994,0.2878,0.3128
1528881900,0.453,54.6,0.3229,79.2,0.00157,0.3972,0.2831,0.3197
1528882200,0.4586,55.1,0.3229,79.7,0.0011,0.3992,0.2811,0.3197
1528882500,0.4656,56.0,0.3223,75.4,0.00137,0.3968,0.2747,0.3285
1528882800,0.4635,56.8,0.3232,77.0,0.00107,0.3899,0.2719,0.3382
1528883100,0.46,56.9,0.3228,74.3,0.00111,0.387,0.2716,0.3415
1528883400,0.4598,55.3,0.3185,78.5,0.00131,0.3941,0.273,0.3329
1528883700,0.4719,55.4,0.3187,67.3,0.00205,0.4034,0.2724,0.3242
1528884000,0.4799,55.5,0.3189,74.7,0.00149,0.4079,0.271,0.3211
1528884300,0.4771,56.2,0.3198,71.4,0.00104,0.4024,0.2697,0.3278
1528884600,0.4664,56.8,0.3191,77.3,0.00151,0.3956,0.2707,0.3337
1528884900,0.4709,57.3,0.32,82.2,0.00128,0.3937,0.2676,0.3387
1528885200,0.4659,57.7,0.3203,76.4,0.00151,0.3879,0.2667,0.3455
1528885500,0.4616,57.9,0.3201,81.3,0.00114,0.3823,0.2651,0.3525
1528885800,0.4657,57.9,0.3192,75.1,0.00114,0.3825,0.2621,0.3554
1528886100,0.4576,58.9,0.3194,69.6,0.00234,0.3747,0.2615,0.3637
1528886400,0.4476,58.6,0.3172,73.4,0.00136,0.3681,0.2609,0.371
1528886700,0.4662,58.8,0.3164,82.9,0.0017,0.3732,0.2533,0.3736
1528887000,0.4812,58.6,0.3171,86.8,0.00141,0.3772,0.2486,0.3742
1528887300,0.4709,57.4,0.3152,81.8,0.00174,0.378,0.253,0.3689
1528887600,0.4663,58.0,0.3146,63.7,0.0016,0.3765,0.254,0.3694
1528887900,0.4747,58.6,0.3168,82.0,0.00104,0.3761,0.251,0.3729
1528888200,0.4777,58.8,0.3189,80.1,0.00153,0.3738,0.2496,0.3766
1528888500,0.4858,58.6,0.3214,81.7,0.0018,0.3753,0.2483,0.3764
1528888800,0.4829,58.2,0.3217,83.1,0.00167,0.3738,0.249,0.3771
1528889100,0.4812,57.4,0.3224,79.2,0.00122,0.3711,0.2486,0.3803
1528889400,0.4755,56.9,0.3201,75.8,0.00149,0.3689,0.2484,0.3827
1528889700,0.4712,56.9,0.3197,74.4,0.00134,0.3656,0.2481,0.3863
1528890000,0.4736,57.0,0.3199,84.3,0.00141,0.3657,0.247,0.3872
1528890300,0.4617,57.1,0.3183,76.8,0.00124,0.3599,0.2481,0.3919
1528890600,0.4688,56.3,0.3173,73.6,0.0013,0.3652,0.2472,0.3877
1528890900,0.4733,56.3,0.3176,83.4,0.0019,0.3666,0.246,0.3874
1528891200,0.47,56.6,0.3166,77.5,0.00113,0.3655,0.2462,0.3884
1528891500,0.4673,56.6,0.3187,79.1,0.0015,0.3606,0.2459,0.3934
1528891800,0.4779,56.1,0.3198,71.5,0.00161,0.3661,0.245,0.3889
1528892100,0.4759,56.4,0.3187,77.3,0.00114,0.3636,0.2435,0.393
1528892400,0.4679,56.5,0.315,82.6,0.00172,0.3594,0.242,0.3986
1528892700,0.4679,57.6,0.3162,80.0,0.00138,0.3578,0.2418,0.4004
1528893000,0.4739,58.9,0.3159,80.1,0.00111,0.3584,0.2389,0.4027
1528893300,0.4736,60.9,0.3164,74.8,0.00176,0.3548,0.237,0.4082
1528893600,0.4826,62.1,0.3176,73.2,0.00151,0.3561,0.2343,0.4096
1528893900,0.4907,62.6,0.3199,85.8,0.00138,0.3554,0.2317,0.4129
1528894200,0.4881,61.5,0.3203,75.2,0.00119,0.3546,0.2327,0.4127
1528894500,0.4832,60.1,0.3176,84.4,0.00159,0.3584,0.2356,0.4059
1528894800,0.4828,60.4,0.3188,85.5,0.00166,0.3575,0.2361,0.4064
1528895100,0.476,60.9,0.3208,72.8,0.00106,0.3507,0.2363,0.413
1528895400,0.4646,61.1,0.3197,80.1,0.00125,0.3419,0.2352,0.4229
1528895700,0.4673,61.1,0.3198,75.7,0.00122,0.342,0.2341,0.4239
1528896000,0.4691,61.0,0.3194,79.2,0.0012,0.3417,0.2327,0.4256
1528896300,0.4377,60.4,0.3157,75.2,0.0019,0.3258,0.235,0.4392
1528896600,0.3917,58.5,0.3086,68.0,0.0017,0.302,0.2379,0.46
1528896900,0.3634,55.8,0.3033,70.5,0.00162,0.2793,0.2331,0.4876
1528897200,0.3724,53.8,0.3044,67.6,0.00125,0.2716,0.222,0.5064
1528897500,0.3581,54.0,0.3009,70.5,0.00103,0.2604,0.2188,0.5207
1528897800,0.3776,55.1,0.3032,69.4,0.00199,0.2676,0.2149,0.5175
1528898100,0.4244,57.5,0.3151,85.7,0.00102,0.2767,0.2055,0.5178
1528898400,0.4259,59.4,0.3123,73.6,0.00112,0.2726,0.1999,0.5275
1528898700,0.3983,57.2,0.3051,73.6,0.00116,0.2586,0.1981,0.5432
1528899000,0.3826,58.7,0.3055,73.9,0.00121,0.2539,0.2027,0.5434
1528899300,0.3763,59.3,0.3038,69.3,0.0012,0.2467,0.1992,0.5542
1528899600,0.3822,59.3,0.3078,63.9,0.00114,0.2474,0.1993,0.5533
1528899900,0.405,58.6,0.3089,77.9,0.00128,0.2571,0.1961,0.5468
1528900200,0.4181,59.1,0.3155,73.8,0.00127,0.2639,0.1992,0.5369
1528900500,0.4089,45.3,0.2728,65.7,0.00149,0.4075,0.2719,0.3206
1528900800,0.4302,48.3,0.2794,70.2,0.0018,0.4188,0.272,0.3092
1528901100,0.4245,50.7,0.2812,76.9,0.00141,0.4037,0.2674,0.329
1528901400,0.4188,49.3,0.2779,73.3,0.00133,0.4145,0.275,0.3105
1528901700,0.4308,49.0,0.2894,81.2,0.00107,0.3987,0.2679,0.3334
1528902000,0.4231,50.0,0.2827,77.2,0.00103,0.3957,0.2644,0.3399
1528902300,0.4408,51.1,0.2821,68.1,0.00138,0.3899,0.2495,0.3606
1528902600,0.4676,55.1,0.2932,79.7,0.00155,0.3708,0.2325,0.3968
1528902900,0.4804,61.2,0.301,88.0,0.0012,0.3712,0.2326,0.3963
1528903200,0.475,61.9,0.2929,79.8,0.00114,0.384,0.2368,0.3792
1528903500,0.4932,62.6,0.305,75.1,0.00137,0.3835,0.2371,0.3794
1528903800,0.4767,65.1,0.2992,75.6,0.00108,0.3726,0.2339,0.3936
1528904100,0.469,61.4,0.2973,72.3,0.00111,0.384,0.2434,0.3725
1528904400,0.4387,57.9,0.2912,66.4,0.00202,0.3796,0.252,0.3684
1528904700,0.4289,56.1,0.2903,68.6,0.00121,0.365,0.247,0.388
1528905000,0.4489,52.9,0.2879,76.4,0.00191,0.4003,0.2567,0.343
1528905300,0.4776,52.5,0.3072,70.9,0.00135,0.3872,0.2491,0.3638
1528905600,0.4848,55.5,0.3059,78.9,0.00132,0.3859,0.2435,0.3706
1528905900,0.4813,58.8,0.3027,72.6,0.00143,0.3828,0.2407,0.3765
1528906200,0.5095,59.9,0.3204,82.7,0.00149,0.3716,0.2337,0.3947
1528906500,0.4839,60.9,0.3095,73.5,0.00106,0.3678,0.2352,0.397
1528906800,0.4665,59.2,0.2975,72.7,0.00117,0.39,0.2487,0.3613
1528907100,0.4666,57.3,0.2979,72.3,0.00147,0.3813,0.2434,0.3753
1528907400,0.4551,58.1,0.3002,75.2,0.00244,0.3695,0.2437,0.3868
1528907700,0.4553,57.1,0.2949,87.8,0.00141,0.377,0.2442,0.3788
1528908000,0.4518,58.6,0.2962,75.6,0.00133,0.3745,0.2455,0.3801
1528908300,0.4474,58.8,0.2919,68.9,0.00162,0.3785,0.2469,0.3746
1528908600,0.461,59.0,0.2988,79.5,0.00119,0.377,0.2443,0.3787
1528908900,0.4994,58.1,0.3257,87.1,0.00177,0.3595,0.2345,0.406
1528909200,0.4854,54.4,0.3301,83.6,0.00107,0.3431,0.2333,0.4235
1528909500,0.4862,54.8,0.3274,83.7,0.00111,0.3442,0.2318,0.424
1528909800,0.4803,54.5,0.3259,74.2,0.00102,0.3324,0.2256,0.442
1528910100,0.489,52.0,0.3223,74.9,0.00168,0.3493,0.2302,0.4205
1528910400,0.4901,51.7,0.3198,81.1,0.0011,0.3435,0.2241,0.4323
1528910700,0.4752,51.6,0.3105,75.8,0.00151,0.3414,0.2231,0.4355
1528911000,0.4523,52.0,0.3049,80.5,0.0011,0.3215,0.2167,0.4618
1528911300,0.4556,51.0,0.3106,79.9,0.00121,0.3285,0.2239,0.4476
1528911600,0.4821,51.6,0.3306,79.5,0.00161,0.3096,0.2123,0.478
1528911900,0.4852,56.2,0.3235,77.6,0.00196,0.311,0.2074,0.4816
1528912200,0.4896,58.9,0.3175,75.2,0.00182,0.3174,0.2059,0.4767
1528912500,0.4915,59.0,0.3137,88.0,0.00166,0.315,0.2011,0.4839
1528912800,0.5005,58.2,0.3203,85.6,0.0016,0.3258,0.2085,0.4658
1528913100,0.5162,56.7,0.3274,80.5,0.0018,0.3353,0.2127,0.452
1528913400,0.5034,57.0,0.3289,79.7,0.0014,0.325,0.2124,0.4626
1528913700,0.4819,56.9,0.3098,77.0,0.00129,0.3245,0.2086,0.4668
1528914000,0.4727,56.2,0.3074,78.4,0.00109,0.335,0.2179,0.4471
1528914300,0.508,55.1,0.3333,79.3,0.00195,0.3265,0.2142,0.4594
1528914600,0.5016,55.4,0.3158,82.0,0.00238,0.3364,0.2118,0.4518
1528914900,0.4943,57.6,0.316,73.4,0.00139,0.33,0.211,0.459
1528915200,0.4743,55.1,0.3073,77.7,0.00103,0.3337,0.2162,0.4501
1528915500,0.4878,55.7,0.3122,82.7,0.00175,0.3365,0.2154,0.4481
1528915800,0.4878,56.9,0.3063,80.5,0.00105,0.338,0.2122,0.4498
1528916100,0.472,57.3,0.2995,75.8,0.00161,0.3401,0.2158,0.4442
1528916400,0.4363,58.9,0.2996,71.0,0.00117,0.3202,0.2199,0.4599
1528916700,0.4273,57.5,0.2935,76.6,0.00105,0.3282,0.2254,0.4464
1528917000,0.477,56.5,0.3051,81.6,0.00235,0.3445,0.2203,0.4352
1528917300,0.5039,58.1,0.3153,82.3,0.00155,0.3247,0.2032,0.472
1528917600,0.4879,58.4,0.311,84.8,0.00125,0.3378,0.2153,0.4468
1528917900,0.4663,57.5,0.3017,82.9,0.00104,0.3333,0.2157,0.451
1528918200,0.4659,56.8,0.3006,73.1,0.00107,0.3506,0.2262,0.4232
1528918500,0.4455,57.3,0.2929,83.8,0.00118,0.3396,0.2233,0.4371
1528918800,0.4339,56.4,0.295,72.2,0.00132,0.3382,0.2299,0.4319
1528919100,0.4633,56.6,0.3112,72.2,0.00131,0.328,0.2203,0.4517
1528919400,0.4623,57.5,0.3083,76.4,0.00153,0.324,0.2161,0.4599
1528919700,0.431,56.4,0.2889,78.5,0.00168,0.3488,0.2338,0.4173
1528920000,0.4233,56.2,0.2897,79.8,0.00144,0.3407,0.2332,0.4262
1528920300,0.4113,55.2,0.2827,69.9,0.00115,0.3396,0.2334,0.4269
1528920600,0.4236,54.5,0.2928,72.2,0.00156,0.3309,0.2287,0.4404
1528920900,0.4703,55.4,0.322,77.5,0.00148,0.3258,0.223,0.4512
1528921200,0.4852,55.0,0.3401,84.0,0.00168,0.314,0.2201,0.4659
1528921500,0.4956,55.0,0.3467,80.4,0.00136,0.3107,0.2174,0.4719
1528921800,0.5049,52.3,0.3596,82.6,0.00131,0.3095,0.2204,0.47
1528922100,0.5052,49.6,0.3679,86.1,0.00143,0.3065,0.2232,0.4702
1528922400,0.4922,48.4,0.3598,80.2,0.00114,0.3016,0.2204,0.478
1528922700,0.496,48.9,0.3602,76.9,0.00114,0.2979,0.2164,0.4857
1528923000,0.5046,48.7,0.3643,84.5,0.00158,0.298,0.2151,0.4869
1528923300,0.497,48.4,0.3673,80.2,0.00103,0.2939,0.2172,0.4888
1528923600,0.5324,48.3,0.3744,81.5,0.00234,0.3052,0.2146,0.4802
1528923900,0.5177,47.7,0.3723,80.5,0.00178,0.3015,0.2168,0.4817
1528924200,0.498,46.5,0.3604,72.3,0.00106,0.302,0.2185,0.4795
1528924500,0.4891,47.3,0.3533,77.8,0.0016,0.2995,0.2164,0.4841
1528924800,0.4628,46.7,0.3415,80.8,0.00169,0.2954,0.218,0.4866
1528925100,0.455,46.8,0.3294,76.8,0.00111,0.2963,0.2145,0.4891
1528925400,0.4466,46.9,0.3171,67.2,0.00158,0.2957,0.21,0.4943
1528925700,0.4352,47.7,0.3079,68.2,0.00113,0.2958,0.2093,0.4949
1528926000,0.4156,47.3,0.2955,68.7,0.00111,0.3045,0.2165,0.479
1528926300,0.4139,49.5,0.287,69.6,0.0012,0.3043,0.211,0.4847
1528926600,0.4157,51.1,0.2839,78.7,0.00183,0.3146,0.2148,0.4706
1528926900,0.4003,55.8,0.2727,69.2,0.00186,0.3146,0.2143,0.471
1528927200,0.4114,56.2,0.2775,74.4,0.00133,0.2758,0.186,0.5382
1528927500,0.4202,54.1,0.271,71.1,0.00161,0.3213,0.2072,0.4715
1528927800,0.4391,53.1,0.2826,72.8,0.00127,0.3118,0.2006,0.4876
1528928100,0.4285,56.3,0.2813,68.3,0.00143,0.3211,0.2108,0.4681
1528928400,0.4005,56.6,0.275,73.6,0.00145,0.3176,0.2181,0.4643
1528928700,0.4165,55.9,0.2778,79.2,0.00173,0.3178,0.212,0.4701
1528929000,0.3985,57.1,0.2783,77.9,0.00143,0.3052,0.2131,0.4817
1528929300,0.4073,55.4,0.2839,79.9,0.00146,0.3008,0.2097,0.4896
1528929600,0.3998,54.5,0.2739,71.2,0.00107,0.3153,0.216,0.4687
1528929900,0.395,52.5,0.2742,64.4,0.00135,0.3091,0.2146,0.4764
1528930200,0.3825,52.6,0.2682,70.3,0.0015,0.3221,0.2258,0.4521
1528930500,0.4041,52.1,0.2765,73.0,0.00134,0.3171,0.217,0.4659
1528930800,0.3774,51.9,0.2716,71.6,0.00178,0.3094,0.2227,0.4679
1528931100,0.3986,52.1,0.273,68.2,0.00104,0.3274,0.2243,0.4483
1528931400,0.3934,52.2,0.2735,73.5,0.00145,0.3256,0.2264,0.448
1528931700,0.3908,51.9,0.2683,75.7,0.00121,0.3292,0.226,0.4448
1528932000,0.3888,52.7,0.268,67.2,0.00184,0.3233,0.2228,0.4539
1528932300,0.3977,54.2,0.2692,73.3,0.00196,0.327,0.2213,0.4517
1528932600,0.4206,54.4,0.2745,67.8,0.00134,0.3273,0.2136,0.4591
1528932900,0.4213,56.3,0.2698,85.2,0.00111,0.3356,0.2149,0.4495
1528933200,0.416,57.1,0.2672,64.2,0.00108,0.3359,0.2157,0.4484
1528933500,0.4171,57.4,0.2684,76.5,0.00189,0.3368,0.2167,0.4465
1528933800,0.4171,57.6,0.2722,78.3,0.00103,0.3301,0.2154,0.4545
1528934100,0.4168,57.4,0.2785,69.3,0.00118,0.3206,0.2142,0.4651
1528934400,0.4331,59.1,0.3024,79.0,0.00107,0.3061,0.2137,0.4802
1528934700,0.445,60.3,0.3024,76.7,0.00114,0.3133,0.2129,0.4738
1528935000,0.4674,63.8,0.3105,68.9,0.00168,0.3114,0.2069,0.4818
1528935300,0.4674,62.3,0.3113,65.1,0.00112,0.3189,0.2124,0.4686
1528935600,0.4604,62.0,0.3091,78.2,0.00157,0.3129,0.21,0.4771
1528935900,0.4527,61.7,0.3068,81.6,0.00118,0.2995,0.203,0.4975
1528936200,0.4667,60.3,0.31,69.7,0.00113,0.3073,0.2041,0.4886
1528936500,0.465,61.3,0.3159,68.5,0.00234,0.2978,0.2023,0.4999
1528936800,0.4532,61.6,0.3136,72.7,0.00105,0.2953,0.2043,0.5004
1528937100,0.4444,59.3,0.3112,76.3,0.00112,0.2958,0.2071,0.4971
1528937400,0.4477,58.6,0.3144,77.0,0.00159,0.2939,0.2064,0.4997
1528937700,0.4409,58.8,0.3081,73.6,0.00198,0.2971,0.2076,0.4953
1528938000,0.4319,59.0,0.2917,76.6,0.00113,0.3125,0.2111,0.4764
1528938300,0.4304,58.0,0.2922,69.7,0.00122,0.3114,0.2114,0.4772
1528938600,0.4389,58.6,0.2962,83.2,0.00132,0.3078,0.2077,0.4845
1528938900,0.432,59.8,0.2925,74.0,0.00112,0.3091,0.2093,0.4815
1528939200,0.4385,59.3,0.295,74.3,0.00136,0.3101,0.2086,0.4813
1528939500,0.4245,57.2,0.2957,75.1,0.00131,0.3022,0.2105,0.4872
1528939800,0.368,52.9,0.2899,68.2,0.00109,0.2566,0.2021,0.5413
1528940100,0.399,56.8,0.2916,71.5,0.00121,0.2653,0.1939,0.5408
1528940400,0.3978,60.0,0.2918,76.2,0.001,0.2611,0.1915,0.5474
1528940700,0.4199,58.7,0.2871,70.7,0.00173,0.283,0.1935,0.5236
1528941000,0.419,60.1,0.2872,76.1,0.00105,0.2827,0.1938,0.5236
1528941300,0.4688,60.2,0.2924,73.4,0.00238,0.306,0.1909,0.5031
1528941600,0.497,61.9,0.2998,70.6,0.00175,0.2992,0.1805,0.5203
1528941900,0.5,66.3,0.3022,80.6,0.00169,0.3068,0.1854,0.5078
1528942200,0.5074,63.4,0.301,79.3,0.00129,0.3169,0.188,0.4951
1528942500,0.4711,56.0,0.3021,76.5,0.0012,0.2986,0.1915,0.5099
1528942800,0.4822,56.8,0.3044,72.9,0.00165,0.2999,0.1893,0.5108
1528943100,0.4907,54.9,0.3078,73.8,0.00111,0.3037,0.1905,0.5058
1528943400,0.5017,51.6,0.3172,81.7,0.00119,0.3938,0.249,0.3572
1528943700,0.5053,52.6,0.3218,83.8,0.0013,0.3984,0.2537,0.3479
1528944000,0.5049,52.8,0.3222,83.0,0.00135,0.4043,0.258,0.3376
1528944300,0.4996,53.4,0.3228,78.9,0.00111,0.4047,0.2615,0.3339
1528944600,0.4897,52.9,0.3217,84.3,0.00203,0.4037,0.2652,0.3311
1528944900,0.5008,53.3,0.3232,84.7,0.00106,0.411,0.2652,0.3238
1528945200,0.5174,52.3,0.3252,83.1,0.00168,0.422,0.2652,0.3128
1528945500,0.4893,45.8,0.3203,82.7,0.00148,0.4306,0.2818,0.2876
1528945800,0.4869,46.5,0.3221,79.7,0.00136,0.427,0.2825,0.2905
1528946100,0.4872,46.1,0.3241,76.0,0.0012,0.4263,0.2836,0.2901
1528946400,0.483,45.6,0.3215,80.6,0.00152,0.4304,0.2865,0.2831
1528946700,0.4916,45.9,0.319,81.9,0.00122,0.4381,0.2843,0.2776
1528947000,0.4884,46.2,0.3196,76.2,0.00136,0.4325,0.283,0.2844
1528947300,0.4838,46.2,0.3219,76.1,0.00129,0.4259,0.2834,0.2907
1528947600,0.4783,45.8,0.3218,81.6,0.00144,0.4233,0.2848,0.2919
1528947900,0.477,45.6,0.3214,79.2,0.00146,0.4226,0.2848,0.2926
1528948200,0.4891,46.2,0.3215,78.7,0.00138,0.4281,0.2814,0.2905
1528948500,0.4959,47.6,0.3231,87.3,0.0015,0.4282,0.279,0.2929
1528948800,0.4912,48.3,0.325,77.9,0.00104,0.4256,0.2816,0.2929
1528949100,0.482,48.0,0.3244,76.8,0.00204,0.4236,0.2851,0.2912
1528949400,0.4984,47.6,0.3234,83.1,0.00161,0.4339,0.2816,0.2845
1528949700,0.4947,47.4,0.325,81.7,0.00151,0.4302,0.2826,0.2872
1528950000,0.4828,46.6,0.3249,85.3,0.00179,0.4245,0.2857,0.2898
1528950300,0.4747,45.9,0.3225,83.4,0.00187,0.4216,0.2864,0.292
1528950600,0.4781,44.9,0.3198,85.0,0.00163,0.4233,0.2832,0.2935
1528950900,0.5022,44.6,0.3229,85.9,0.0011,0.434,0.2791,0.2869
1528951200,0.5033,45.5,0.3264,90.3,0.00209,0.4348,0.2819,0.2833
1528951500,0.5018,46.4,0.3268,80.6,0.00136,0.4346,0.283,0.2824
1528951800,0.504,46.5,0.3259,74.6,0.00161,0.4376,0.283,0.2794
1528952100,0.4934,46.2,0.3227,74.3,0.00165,0.4372,0.2859,0.2769
1528952400,0.4955,46.3,0.3212,82.7,0.00142,0.4397,0.285,0.2753
1528952700,0.4941,46.5,0.323,80.0,0.00137,0.4367,0.2855,0.2779
1528953000,0.4896,45.9,0.3257,84.9,0.00118,0.4325,0.2877,0.2799
1528953300,0.4938,45.1,0.3261,85.0,0.00128,0.4366,0.2883,0.2751
1528953600,0.4964,45.0,0.3267,78.0,0.00172,0.4392,0.289,0.2718
1528953900,0.4826,45.4,0.3237,77.5,0.00146,0.4349,0.2917,0.2734
1528954200,0.4793,46.1,0.3246,82.0,0.00123,0.431,0.2919,0.2771
1528954500,0.4917,45.9,0.3266,78.9,0.00146,0.4367,0.2901,0.2732
1528954800,0.4761,45.6,0.3255,73.3,0.00128,0.4312,0.2948,0.2741
1528955100,0.4716,44.7,0.3216,79.9,0.0012,0.4286,0.2923,0.2792
1528955400,0.4878,44.1,0.3224,90.3,0.00121,0.436,0.2882,0.2758
1528955700,0.4838,44.3,0.3229,74.8,0.00136,0.4328,0.2889,0.2784
1528956000,0.4769,44.1,0.3217,70.4,0.0011,0.4306,0.2905,0.2789
1528956300,0.4841,44.1,0.322,78.5,0.00112,0.4322,0.2875,0.2802
1528956600,0.49,45.0,0.3238,72.7,0.00117,0.433,0.2861,0.2809
1528956900,0.4842,45.8,0.3248,73.8,0.00146,0.4298,0.2883,0.2819
1528957200,0.473,45.5,0.3243,75.0,0.00134,0.4235,0.2904,0.2861
1528957500,0.482,44.8,0.3219,83.6,0.00104,0.4304,0.2875,0.2821
1528957800,0.4688,44.5,0.321,80.6,0.00121,0.4199,0.2875,0.2926
1528958100,0.4675,45.6,0.322,76.8,0.00195,0.4175,0.2876,0.2949
1528958400,0.4736,46.1,0.3227,63.8,0.00122,0.4191,0.2856,0.2954
1528958700,0.4632,46.1,0.3224,85.8,0.00118,0.4117,0.2865,0.3018
1528959000,0.4586,45.8,0.3227,74.9,0.00102,0.4077,0.2869,0.3054
1528959300,0.4393,46.1,0.3229,72.8,0.00131,0.3968,0.2917,0.3115
1528959600,0.4339,45.7,0.3221,66.5,0.00149,0.3952,0.2934,0.3115
1528959900,0.4443,45.7,0.3213,67.6,0.00131,0.4002,0.2894,0.3104
1528960200,0.4605,46.5,0.3201,79.8,0.00104,0.4081,0.2837,0.3083
1528960500,0.4426,47.4,0.3203,85.1,0.00183,0.3971,0.2874,0.3155
1528960800,0.442,48.5,0.3244,74.7,0.00198,0.3929,0.2884,0.3187
1528961100,0.4321,49.3,0.3219,78.6,0.00125,0.3905,0.2909,0.3187
1528961400,0.4071,49.5,0.3199,66.8,0.00123,0.3754,0.295,0.3295
1528961700,0.4106,49.7,0.3203,67.9,0.0011,0.3734,0.2913,0.3353
1528962000,0.4149,50.2,0.3226,74.8,0.00116,0.3741,0.2909,0.335
1528962300,0.4152,51.0,0.3233,74.4,0.00109,0.3721,0.2897,0.3382
1528962600,0.427,51.4,0.3221,72.5,0.00166,0.3789,0.2858,0.3353
1528962900,0.4428,51.6,0.3233,84.1,0.00132,0.3865,0.2822,0.3312
1528963200,0.4384,51.6,0.3235,77.5,0.00134,0.3854,0.2844,0.3303
1528963500,0.4263,51.7,0.3233,66.5,0.00125,0.3793,0.2877,0.333
1528963800,0.4263,51.9,0.3231,75.4,0.00157,0.3796,0.2877,0.3328
1528964100,0.4269,51.9,0.3228,82.2,0.00102,0.38,0.2874,0.3326
1528964400,0.4074,51.9,0.3222,79.6,0.0018,0.3681,0.2911,0.3407
1528964700,0.407,51.1,0.3225,58.2,0.00118,0.3665,0.2904,0.343
1528965000,0.4173,50.8,0.323,78.0,0.00108,0.3719,0.2879,0.3402
1528965300,0.4098,45.1,0.3097,84.4,0.00133,0.4235,0.3201,0.2564
1528965600,0.4148,46.1,0.3126,73.5,0.00132,0.408,0.3075,0.2846
1528965900,0.452,48.9,0.3154,79.1,0.00181,0.4179,0.2916,0.2906
1528966200,0.4604,51.8,0.318,76.4,0.00129,0.4177,0.2885,0.2938
1528966500,0.4552,52.9,0.3173,78.3,0.00159,0.4155,0.2897,0.2948
1528966800,0.4613,53.4,0.3181,74.1,0.00155,0.4164,0.2871,0.2964
1528967100,0.4513,52.9,0.3199,75.8,0.00144,0.4116,0.2917,0.2967
1528967400,0.45,53.3,0.3229,70.8,0.00109,0.4078,0.2926,0.2996
1528967700,0.4445,52.8,0.3208,76.9,0.00102,0.4076,0.2941,0.2983
1528968000,0.4335,52.6,0.3201,72.7,0.00138,0.402,0.2969,0.3011
1528968300,0.4103,51.8,0.319,71.2,0.00135,0.3897,0.303,0.3072
1528968600,0.4084,51.3,0.3195,74.3,0.00183,0.3874,0.303,0.3096
1528968900,0.4271,51.2,0.3177,74.8,0.00123,0.3982,0.2962,0.3056
1528969200,0.4499,52.6,0.3203,75.3,0.001,0.4059,0.289,0.3051
1528969500,0.4506,55.2,0.3215,84.3,0.00126,0.4061,0.2897,0.3042
1528969800,0.4572,56.0,0.3233,74.9,0.0014,0.4085,0.2889,0.3026
1528970100,0.4318,54.1,0.3204,73.5,0.00142,0.4025,0.2986,0.2989
1528970400,0.429,53.0,0.3174,76.8,0.00119,0.4036,0.2986,0.2978
1528970700,0.4331,53.0,0.3192,80.0,0.00102,0.4012,0.2957,0.303
1528971000,0.4372,53.4,0.3189,60.9,0.00118,0.4019,0.2931,0.305
1528971300,0.4476,54.4,0.32,65.2,0.00144,0.4048,0.2894,0.3059
1528971600,0.4333,55.7,0.3185,71.7,0.001,0.394,0.2896,0.3165
1528971900,0.4379,57.1,0.3184,80.5,0.0017,0.3917,0.2848,0.3234
1528972200,0.4183,56.9,0.3181,70.0,0.00117,0.377,0.2867,0.3363
1528972500,0.4364,55.9,0.3193,72.2,0.00125,0.3817,0.2793,0.339
1528972800,0.4408,55.2,0.3196,71.8,0.00162,0.3817,0.2768,0.3415
1528973100,0.4411,54.6,0.3203,78.9,0.00135,0.3802,0.2761,0.3438
1528973400,0.4593,54.2,0.3185,76.0,0.00177,0.3895,0.2701,0.3404
1528973700,0.461,55.0,0.3193,72.2,0.00121,0.391,0.2708,0.3382
1528974000,0.4384,55.9,0.3171,70.4,0.00159,0.382,0.2763,0.3417
1528974300,0.4223,56.2,0.3164,78.4,0.00139,0.3731,0.2795,0.3473
1528974600,0.4467,56.8,0.3163,70.7,0.00107,0.3839,0.2718,0.3442
1528974900,0.4662,58.3,0.3183,66.8,0.00112,0.3887,0.2654,0.3459
1528975200,0.4446,60.1,0.32,71.9,0.00136,0.3724,0.2681,0.3595
1528975500,0.4389,61.1,0.3197,72.5,0.00136,0.3679,0.268,0.3641
1528975800,0.4205,28.0,0.2706,75.4,0.00151,0.5301,0.3411,0.1288
1528976100,0.4591,33.3,0.2833,83.4,0.0014,0.4452,0.2747,0.2801
1528976400,0.4599,38.6,0.29,72.7,0.00114,0.4003,0.2524,0.3473
1528976700,0.4733,43.7,0.2991,80.5,0.00132,0.3928,0.2482,0.3589
1528977000,0.4642,43.1,0.315,74.1,0.00145,0.408,0.2769,0.3151
1528977300,0.4654,47.2,0.3189,72.8,0.0013,0.3989,0.2734,0.3277
1528977600,0.4626,48.3,0.3198,79.6,0.00153,0.3993,0.2761,0.3246
1528977900,0.4401,48.4,0.318,75.2,0.00124,0.3814,0.2756,0.343
1528978200,0.4509,48.9,0.3182,82.7,0.00147,0.3897,0.275,0.3353
1528978500,0.4574,50.2,0.3167,72.4,0.0015,0.3871,0.268,0.3449
1528978800,0.422,50.5,0.3139,67.7,0.00137,0.3626,0.2697,0.3677
1528979100,0.3909,50.4,0.3089,65.9,0.00107,0.3366,0.266,0.3974
1528979400,0.4172,49.6,0.3118,75.2,0.00169,0.338,0.2526,0.4093
1528979700,0.4134,49.7,0.3141,66.8,0.0013,0.3224,0.245,0.4326
1528980000,0.3916,50.6,0.3111,70.4,0.00127,0.3086,0.2452,0.4462
1528980300,0.3626,51.3,0.2993,65.2,0.00147,0.299,0.2468,0.4541
1528980600,0.3803,53.0,0.3028,66.8,0.00125,0.2853,0.2271,0.4876
1528980900,0.3852,57.7,0.3041,70.8,0.00132,0.2895,0.2285,0.482
1528981200,0.3776,59.4,0.3035,70.1,0.00143,0.2752,0.2212,0.5035
1528981500,0.3865,61.2,0.3072,80.4,0.00151,0.2755,0.219,0.5055
1528981800,0.3773,61.2,0.3088,75.9,0.00126,0.2677,0.2191,0.5131
1528982100,0.3668,61.7,0.304,73.4,0.00135,0.267,0.2213,0.5117
1528982400,0.3611,60.9,0.2997,69.3,0.00104,0.272,0.2257,0.5023
1528982700,0.3803,61.0,0.3088,79.2,0.00147,0.2731,0.2218,0.5051
1528983000,0.3735,61.4,0.3034,73.2,0.00161,0.2717,0.2207,0.5077
1528983300,0.3721,62.5,0.3016,66.9,0.00114,0.2785,0.2258,0.4957
1528983600,0.4086,64.3,0.3136,64.7,0.00113,0.2819,0.2164,0.5017
1528983900,0.4026,66.6,0.3129,73.2,0.00215,0.2759,0.2144,0.5096
1528984200,0.4201,67.7,0.3179,78.1,0.00126,0.2808,0.2125,0.5068
1528984500,0.4035,65.1,0.3149,76.3,0.00105,0.2727,0.2128,0.5144
1528984800,0.4221,51.8,0.2796,74.5,0.00115,0.4382,0.2902,0.2716
1528985100,0.427,53.0,0.2839,71.3,0.00194,0.4337,0.2884,0.2779
1528985400,0.3988,50.6,0.2718,70.2,0.00163,0.4486,0.3057,0.2457
1528985700,0.4176,51.6,0.2709,67.9,0.00129,0.4603,0.2986,0.2412
1528986000,0.447,56.2,0.2826,75.9,0.00155,0.4262,0.2695,0.3043
1528986300,0.4993,60.1,0.302,87.9,0.00108,0.4276,0.2586,0.3138
1528986600,0.4836,66.6,0.3046,87.7,0.00144,0.3862,0.2432,0.3706
1528986900,0.4798,64.4,0.3013,86.4,0.0012,0.4019,0.2524,0.3457
1528987200,0.4763,61.2,0.2976,75.8,0.00174,0.4121,0.2575,0.3304
1528987500,0.4645,58.8,0.2902,76.4,0.0017,0.4248,0.2654,0.3099
1528987800,0.4641,57.3,0.2921,68.8,0.00137,0.413,0.2599,0.3271
1528988100,0.4578,56.3,0.2882,70.8,0.00131,0.4212,0.2652,0.3136
1528988400,0.4385,56.0,0.2872,70.1,0.00137,0.4072,0.2667,0.3261
1528988700,0.4466,55.0,0.2918,69.1,0.00148,0.4031,0.2633,0.3336
1528989000,0.4359,55.1,0.2876,72.3,0.00145,0.4026,0.2656,0.3317
1528989300,0.4273,55.6,0.2824,68.1,0.00108,0.3919,0.259,0.3491
1528989600,0.4347,55.7,0.2884,70.2,0.00153,0.3864,0.2563,0.3573
1528989900,0.4129,55.9,0.2758,77.2,0.00129,0.3857,0.2576,0.3567
1528990200,0.4273,56.8,0.2747,83.0,0.0012,0.3987,0.2563,0.3451
1528990500,0.4536,56.2,0.2835,66.6,0.00111,0.3966,0.2479,0.3555
1528990800,0.4443,55.8,0.2786,65.8,0.0012,0.4008,0.2513,0.3478
1528991100,0.4563,57.3,0.2877,75.4,0.00106,0.3864,0.2436,0.37
1528991400,0.4471,57.0,0.2863,71.7,0.00163,0.3918,0.2509,0.3574
1528991700,0.4688,55.8,0.2893,72.6,0.00101,0.3999,0.2468,0.3533
1528992000,0.4669,55.1,0.286,78.2,0.00123,0.4031,0.2469,0.35
1528992300,0.4375,54.5,0.2798,75.5,0.00111,0.4053,0.2592,0.3356
1528992600,0.4444,54.4,0.2865,72.5,0.00134,0.3976,0.2563,0.3461
1528992900,0.4344,55.3,0.2779,81.4,0.00153,0.402,0.2571,0.3409
1528993200,0.436,55.1,0.2765,69.8,0.00131,0.3941,0.25,0.3559
1528993500,0.4259,55.3,0.2715,71.0,0.00127,0.3952,0.2519,0.3529
1528993800,0.4432,55.3,0.2795,76.0,0.00134,0.3888,0.2452,0.3661
1528994100,0.4408,55.3,0.2728,71.8,0.00135,0.4034,0.2497,0.3469
1528994400,0.4385,56.2,0.2747,75.8,0.00189,0.3968,0.2486,0.3547
1528994700,0.4488,56.4,0.2727,81.3,0.00107,0.4088,0.2484,0.3429
1528995000,0.4709,56.8,0.2951,80.7,0.00106,0.3797,0.2379,0.3824
1528995300,0.5008,56.9,0.3186,79.6,0.00133,0.362,0.2303,0.4077
1528995600,0.5191,58.4,0.3309,80.8,0.00168,0.3624,0.231,0.4066
1528995900,0.5065,59.8,0.3245,88.8,0.00155,0.3662,0.2346,0.3991
1528996200,0.5057,61.0,0.3234,73.0,0.00129,0.3598,0.2301,0.4101
1528996500,0.4926,59.6,0.3211,85.2,0.00155,0.3579,0.2333,0.4088
1528996800,0.4946,57.7,0.3204,79.1,0.00115,0.3581,0.232,0.4099
1528997100,0.4815,57.9,0.3149,77.7,0.00168,0.3498,0.2287,0.4215
1528997400,0.4559,57.4,0.3038,75.0,0.00114,0.3512,0.234,0.4148
1528997700,0.4753,57.3,0.3175,70.4,0.00149,0.3381,0.2259,0.436
1528998000,0.4817,56.3,0.318,73.7,0.00127,0.3434,0.2267,0.4299
1528998300,0.4697,56.4,0.3131,82.7,0.00104,0.3423,0.2282,0.4295
1528998600,0.475,56.2,0.3169,74.5,0.00103,0.3318,0.2214,0.4468
1528998900,0.4475,56.5,0.3064,78.2,0.00143,0.3401,0.2329,0.427
1528999200,0.472,56.5,0.3186,82.3,0.0011,0.338,0.2282,0.4338
1528999500,0.4656,57.2,0.3184,76.3,0.00139,0.3287,0.2248,0.4464
1528999800,0.4579,55.9,0.3081,77.3,0.00189,0.3404,0.2291,0.4305
1529000100,0.4741,53.5,0.309,81.0,0.00111,0.3524,0.2297,0.418
1529000400,0.4456,53.3,0.3003,76.8,0.00119,0.344,0.2318,0.4242
1529000700,0.4322,52.4,0.2989,77.8,0.00145,0.3464,0.2395,0.4141
1529001000,0.4233,51.9,0.2902,78.2,0.00128,0.3613,0.2477,0.3909
1529001300,0.4401,52.2,0.3022,72.6,0.00119,0.3459,0.2375,0.4165
1529001600,0.4396,53.3,0.2929,71.7,0.00112,0.3475,0.2315,0.421
1529001900,0.4586,55.2,0.3079,70.5,0.00195,0.3406,0.2287,0.4307
1529002200,0.438,55.9,0.2983,71.3,0.00169,0.3275,0.2231,0.4494
1529002500,0.4391,55.6,0.3038,75.9,0.00129,0.3342,0.2312,0.4346
1529002800,0.3961,54.6,0.2844,70.7,0.00101,0.3413,0.2451,0.4136
1529003100,0.4012,53.7,0.2916,68.8,0.00152,0.3419,0.2485,0.4097
1529003400,0.4325,53.9,0.3034,71.1,0.00117,0.3516,0.2466,0.4018
1529003700,0.4948,52.8,0.3297,77.5,0.0011,0.3663,0.2441,0.3896
1529004000,0.4643,54.3,0.3354,81.1,0.00127,0.3398,0.2454,0.4148
1529004300,0.4706,54.5,0.3344,76.5,0.0016,0.3356,0.2385,0.4259
1529004600,0.5199,54.3,0.3593,80.6,0.00253,0.3372,0.233,0.4298
1529004900,0.5041,53.6,0.3503,77.8,0.00194,0.3274,0.2275,0.4451
1529005200,0.4915,52.4,0.3496,90.3,0.00106,0.3149,0.224,0.4611
1529005500,0.4949,52.6,0.3466,78.5,0.00136,0.3098,0.217,0.4733
1529005800,0.507,52.2,0.3439,88.5,0.00129,0.3158,0.2142,0.4699
1529006100,0.4959,50.7,0.3418,78.8,0.0017,0.319,0.2198,0.4612
1529006400,0.5092,50.3,0.3457,74.7,0.0016,0.3219,0.2186,0.4595
1529006700,0.4955,50.5,0.3402,84.4,0.00159,0.3143,0.2158,0.4699
1529007000,0.4684,50.5,0.3342,70.1,0.00136,0.3037,0.2167,0.4797
1529007300,0.4762,51.8,0.3446,86.2,0.00162,0.3022,0.2187,0.4792
1529007600,0.4996,53.8,0.3539,82.1,0.0013,0.3122,0.2212,0.4666
1529007900,0.498,54.1,0.355,78.5,0.0013,0.3104,0.2213,0.4682
1529008200,0.4719,53.0,0.3381,84.4,0.00114,0.3045,0.2181,0.4774
1529008500,0.4627,52.4,0.3346,79.0,0.00133,0.305,0.2206,0.4745
1529008800,0.4757,51.8,0.3425,73.5,0.00105,0.319,0.2297,0.4514
1529009100,0.4893,51.9,0.346,73.0,0.00116,0.3291,0.2327,0.4382
1529009400,0.5051,52.5,0.3512,82.9,0.00161,0.3231,0.2246,0.4523
1529009700,0.4666,54.2,0.3331,76.4,0.00107,0.3109,0.222,0.4671
1529010000,0.4786,53.9,0.335,78.5,0.00127,0.321,0.2247,0.4543
1529010300,0.5069,54.4,0.3355,76.4,0.0019,0.3388,0.2242,0.437
1529010600,0.5052,52.4,0.3285,78.6,0.00149,0.3435,0.2234,0.4331
1529010900,0.5307,51.7,0.3476,73.4,0.00198,0.3429,0.2246,0.4325
1529011200,0.5327,51.6,0.3495,86.6,0.00203,0.3404,0.2233,0.4363
1529011500,0.5325,50.8,0.3615,69.8,0.00225,0.3331,0.2261,0.4408
1529011800,0.5443,49.4,0.3705,83.1,0.00235,0.3331,0.2268,0.4401
1529012100,0.5369,48.5,0.3591,76.4,0.00257,0.3365,0.225,0.4385
1529012400,0.5213,48.5,0.3636,85.1,0.002,0.3267,0.2279,0.4453
1529012700,0.5331,47.8,0.3702,91.6,0.00267,0.3274,0.2273,0.4453
1529013000,0.5362,47.5,0.3727,79.4,0.00268,0.3244,0.2255,0.4501
1529013300,0.5364,47.5,0.3741,92.7,0.00275,0.3232,0.2254,0.4515
1529013600,0.4801,46.0,0.3625,82.0,0.00117,0.3045,0.2299,0.4656
1529013900,0.4731,44.9,0.3573,75.6,0.00187,0.3072,0.232,0.4609
1529014200,0.4839,45.9,0.3678,82.3,0.00165,0.3094,0.2352,0.4554
1529014500,0.4917,46.0,0.3626,84.7,0.00133,0.3141,0.2317,0.4542
1529014800,0.4907,46.3,0.3678,74.1,0.00161,0.3051,0.2287,0.4662
1529015100,0.4838,47.3,0.3606,76.1,0.00101,0.302,0.2251,0.473
1529015400,0.4797,47.4,0.3485,80.6,0.00146,0.3063,0.2225,0.4712
1529015700,0.4692,47.3,0.345,83.5,0.00136,0.3058,0.2249,0.4693
1529016000,0.4617,48.4,0.332,72.2,0.00113,0.3052,0.2195,0.4753
1529016300,0.4717,50.6,0.3322,79.2,0.00116,0.3133,0.2206,0.4661
1529016600,0.4745,52.9,0.3218,74.6,0.0027,0.3124,0.2118,0.4758
1529016900,0.4707,51.6,0.3119,81.7,0.00138,0.3456,0.229,0.4253
1529017200,0.4805,52.7,0.3156,79.5,0.00131,0.3349,0.2199,0.4452
1529017500,0.5078,55.8,0.3222,77.7,0.00153,0.3417,0.2168,0.4416
1529017800,0.5075,58.3,0.3164,89.0,0.00139,0.3463,0.2159,0.4378
1529018100,0.509,59.7,0.3173,82.9,0.00166,0.3487,0.2173,0.434
1529018400,0.4882,60.8,0.3083,81.2,0.00151,0.3527,0.2228,0.4245
1529018700,0.5005,59.8,0.3193,87.5,0.00134,0.3435,0.2192,0.4373
1529019000,0.4858,59.6,0.312,76.7,0.00114,0.3497,0.2246,0.4257
1529019300,0.4658,54.7,0.3115,88.8,0.00151,0.3236,0.2164,0.46
1529019600,0.4811,57.4,0.313,78.2,0.00121,0.3269,0.2127,0.4604
1529019900,0.4814,57.7,0.3096,71.3,0.00113,0.3364,0.2164,0.4472
1529020200,0.4989,57.7,0.3241,82.2,0.00103,0.3367,0.2187,0.4446
1529020500,0.5089,58.3,0.3144,77.8,0.00151,0.3454,0.2134,0.4412
1529020800,0.4864,57.6,0.3026,78.0,0.00217,0.3573,0.2223,0.4204
1529021100,0.4977,56.5,0.3139,75.3,0.00123,0.354,0.2233,0.4227
1529021400,0.5057,55.8,0.3166,79.2,0.00165,0.3522,0.2205,0.4272
1529021700,0.512,55.0,0.3129,81.0,0.00156,0.3505,0.2142,0.4353
1529022000,0.5202,55.1,0.3186,78.0,0.00216,0.3576,0.219,0.4234
1529022300,0.5229,55.1,0.3271,78.3,0.00181,0.3562,0.2228,0.4209
1529022600,0.5039,54.5,0.3228,90.7,0.00209,0.3519,0.2254,0.4227
1529022900,0.4943,53.6,0.3229,77.5,0.00128,0.3477,0.2271,0.4252
1529023200,0.4886,51.9,0.3182,86.7,0.0013,0.3521,0.2293,0.4185
1529023500,0.4968,50.6,0.3208,83.2,0.00179,0.3477,0.2245,0.4279
1529023800,0.4921,50.5,0.3157,82.1,0.00144,0.3638,0.2334,0.4029
1529024100,0.4911,52.4,0.3256,82.5,0.00103,0.3446,0.2285,0.4269
1529024400,0.4866,53.7,0.3211,80.0,0.00165,0.3444,0.2273,0.4283
1529024700,0.4904,53.6,0.3206,85.0,0.00121,0.3477,0.2273,0.4251
1529025000,0.4975,55.0,0.3255,77.3,0.00108,0.3569,0.2335,0.4097
1529025300,0.4866,54.3,0.3308,76.6,0.00108,0.3402,0.2313,0.4285
1529025600,0.4851,54.3,0.3291,82.0,0.00123,0.3409,0.2313,0.4278
1529025900,0.4876,53.0,0.317,79.1,0.00157,0.3583,0.233,0.4087
1529026200,0.4894,54.7,0.3159,80.8,0.00135,0.3619,0.2336,0.4045
1529026500,0.51,56.1,0.3237,73.8,0.00164,0.3599,0.2285,0.4116
1529026800,0.5122,57.5,0.3245,80.5,0.00188,0.3579,0.2267,0.4154
1529027100,0.5258,60.0,0.327,77.5,0.00229,0.3572,0.2222,0.4206
1529027400,0.5172,60.9,0.3216,77.3,0.00162,0.359,0.2232,0.4178
1529027700,0.5211,60.8,0.3229,74.3,0.00178,0.3588,0.2223,0.4188
1529028000,0.5252,61.3,0.3235,87.2,0.00254,0.3555,0.219,0.4254
1529028300,0.5398,59.3,0.3278,88.8,0.0024,0.3608,0.2191,0.4201
1529028600,0.5343,56.5,0.323,78.1,0.00268,0.3677,0.2223,0.4099
1529028900,0.4755,49.2,0.3101,82.2,0.00117,0.3494,0.2279,0.4227
1529029200,0.4789,47.6,0.3057,81.2,0.00102,0.3539,0.2259,0.4202
1529029500,0.5122,47.7,0.313,78.7,0.00196,0.3561,0.2176,0.4263
1529029800,0.496,42.0,0.315,78.6,0.00151,0.4354,0.2765,0.2881
1529030100,0.499,45.8,0.3191,84.4,0.00106,0.4379,0.28,0.282
1529030400,0.5063,47.3,0.3237,76.1,0.00218,0.4395,0.281,0.2795
1529030700,0.5081,47.2,0.3274,89.3,0.00175,0.444,0.2861,0.2698
1529031000,0.4972,47.0,0.3293,89.4,0.00101,0.4412,0.2922,0.2665
1529031300,0.4834,45.6,0.3277,70.4,0.0013,0.4383,0.2971,0.2646
1529031600,0.5017,44.9,0.3285,76.8,0.00123,0.4539,0.2972,0.249
1529031900,0.5001,42.0,0.3287,81.4,0.00133,0.4623,0.3039,0.2339
1529032200,0.4936,42.8,0.33,87.3,0.00122,0.4618,0.3087,0.2295
1529032500,0.4837,43.0,0.3263,77.7,0.00139,0.4634,0.3126,0.224
1529032800,0.4865,43.0,0.3262,88.9,0.00144,0.463,0.3105,0.2265
1529033100,0.4925,43.3,0.3279,78.3,0.00144,0.4614,0.3072,0.2313
1529033400,0.4715,43.4,0.3278,78.7,0.00103,0.449,0.3122,0.2388
1529033700,0.4648,42.4,0.326,80.1,0.00133,0.4451,0.3122,0.2428
1529034000,0.4706,41.6,0.3246,73.6,0.00101,0.4486,0.3094,0.242
1529034300,0.467,40.7,0.3248,74.3,0.00144,0.4445,0.3092,0.2463
1529034600,0.4712,40.3,0.3247,74.4,0.00218,0.4443,0.3061,0.2496
1529034900,0.496,40.5,0.3253,75.7,0.00158,0.4558,0.299,0.2452
1529035200,0.4932,41.3,0.3273,92.8,0.00154,0.4564,0.3029,0.2407
1529035500,0.473,41.3,0.3263,80.6,0.00126,0.4519,0.3117,0.2364
1529035800,0.4756,41.3,0.3253,78.3,0.0011,0.4568,0.3124,0.2308
1529036100,0.4815,41.0,0.3242,78.0,0.00105,0.4598,0.3096,0.2306
1529036400,0.4687,41.0,0.3219,82.0,0.00151,0.4551,0.3126,0.2323
1529036700,0.4794,41.3,0.325,69.8,0.00171,0.4563,0.3093,0.2344
1529037000,0.4768,41.1,0.3246,77.0,0.00162,0.4535,0.3087,0.2378
1529037300,0.4797,40.8,0.3223,73.6,0.00149,0.4537,0.3048,0.2416
1529037600,0.4822,41.3,0.3248,90.9,0.0011,0.4516,0.3042,0.2442
1529037900,0.4718,41.8,0.323,82.4,0.00112,0.4473,0.3062,0.2465
1529038200,0.4325,41.6,0.3185,84.7,0.00146,0.4277,0.315,0.2573
1529038500,0.4713,40.4,0.3186,74.1,0.00138,0.4498,0.304,0.2462
1529038800,0.4878,42.9,0.3228,75.0,0.00144,0.4534,0.3,0.2466
1529039100,0.493,44.2,0.3233,78.2,0.00179,0.4632,0.3037,0.2331
1529039400,0.4958,45.9,0.3244,83.7,0.00119,0.4649,0.3042,0.2309
1529039700,0.494,46.4,0.3236,77.8,0.0014,0.4662,0.3054,0.2284
1529040000,0.4894,46.4,0.3227,85.7,0.00115,0.4644,0.3062,0.2293
1529040300,0.4771,46.3,0.3226,79.5,0.00138,0.4578,0.3095,0.2327
1529040600,0.4762,46.8,0.3233,72.3,0.0012,0.4533,0.3078,0.2389
1529040900,0.4865,45.9,0.3216,86.1,0.0015,0.4563,0.3016,0.2421
1529041200,0.5136,46.4,0.3252,72.6,0.00187,0.4656,0.2948,0.2396
1529041500,0.5125,47.0,0.3247,80.0,0.00141,0.4711,0.2985,0.2304
1529041800,0.5081,47.6,0.3259,74.4,0.00137,0.4688,0.3007,0.2305
1529042100,0.5072,47.1,0.3231,77.9,0.00165,0.4762,0.3033,0.2205
1529042400,0.5032,46.6,0.3242,78.7,0.00151,0.4736,0.3051,0.2213
1529042700,0.508,46.3,0.3263,84.6,0.0013,0.4744,0.3047,0.2209
1529043000,0.5071,46.2,0.3261,77.9,0.00157,0.4747,0.3052,0.2201
1529043300,0.4974,46.5,0.3252,79.8,0.00215,0.4677,0.3058,0.2264
1529043600,0.4969,46.3,0.326,82.0,0.00168,0.4652,0.3052,0.2296
1529043900,0.4957,44.2,0.3254,77.1,0.00194,0.4679,0.3071,0.225
1529044200,0.4972,45.2,0.3253,83.6,0.00128,0.4625,0.3026,0.2349
1529044500,0.4932,45.9,0.3241,79.2,0.00167,0.4576,0.3007,0.2416
1529044800,0.4926,47.9,0.325,78.6,0.00152,0.4522,0.2984,0.2494
1529045100,0.4931,50.3,0.3261,73.9,0.00134,0.4471,0.2957,0.2571
1529045400,0.4968,51.3,0.3275,82.8,0.00173,0.4464,0.2943,0.2593
1529045700,0.4991,50.0,0.3259,84.4,0.00101,0.451,0.2945,0.2545
1529046000,0.4993,49.4,0.3259,78.7,0.00149,0.4521,0.2951,0.2529
1529046300,0.4946,49.5,0.3254,78.4,0.00147,0.4475,0.2944,0.2581
1529046600,0.4903,49.8,0.325,80.5,0.00118,0.4429,0.2936,0.2636
1529046900,0.4905,50.1,0.3241,80.9,0.00138,0.44,0.2907,0.2693
1529047200,0.488,51.0,0.3241,67.8,0.0012,0.4332,0.2877,0.2792
1529047500,0.5125,52.7,0.3274,83.1,0.00157,0.4359,0.2785,0.2857
1529047800,0.5163,54.4,0.3283,86.6,0.00225,0.4356,0.277,0.2875
1529048100,0.5116,54.8,0.3289,79.9,0.00216,0.4338,0.2789,0.2874
1529048400,0.5082,54.6,0.3295,76.6,0.00128,0.4333,0.2809,0.2858
1529048700,0.4987,53.6,0.3283,77.1,0.00111,0.4325,0.2847,0.2828
1529049000,0.5111,52.9,0.3289,83.2,0.00181,0.4398,0.283,0.2771
1529049300,0.5006,50.7,0.3271,81.1,0.00198,0.4447,0.2906,0.2647
1529049600,0.4746,48.9,0.321,80.6,0.00131,0.44,0.2976,0.2623
1529049900,0.4671,47.9,0.3202,80.8,0.0013,0.4313,0.2957,0.273
1529050200,0.4166,46.8,0.3151,69.8,0.00171,0.3976,0.3007,0.3017
1529050500,0.4396,44.8,0.3156,78.9,0.00131,0.3994,0.2868,0.3138
1529050800,0.4562,44.5,0.3148,74.2,0.00166,0.3934,0.2715,0.3351
1529051100,0.514,49.0,0.3267,83.7,0.00186,0.4084,0.2596,0.332
1529051400,0.5229,51.9,0.3296,82.5,0.00233,0.4158,0.2621,0.3221
1529051700,0.5099,52.3,0.328,79.3,0.00176,0.4184,0.2692,0.3124
1529052000,0.4948,51.5,0.3255,83.2,0.00113,0.4228,0.2781,0.2991
1529052300,0.4976,51.2,0.3251,82.1,0.00129,0.4275,0.2793,0.2933
1529052600,0.4974,51.1,0.3247,90.9,0.00116,0.4301,0.2808,0.2891
1529052900,0.4902,49.6,0.3211,76.0,0.00153,0.4378,0.2868,0.2753
1529053200,0.4916,49.6,0.3191,82.5,0.0017,0.4441,0.2882,0.2677
1529053500,0.4843,49.5,0.3178,78.2,0.00183,0.4418,0.2899,0.2682
1529053800,0.4828,49.0,0.3193,76.4,0.00198,0.4388,0.2902,0.271
1529054100,0.4954,49.4,0.321,79.5,0.00106,0.437,0.2832,0.2799
1529054400,0.4905,49.9,0.321,82.4,0.00121,0.4302,0.2815,0.2883
1529054700,0.4959,50.8,0.322,74.7,0.00165,0.4266,0.277,0.2964
1529055000,0.4962,51.8,0.3213,78.2,0.00174,0.4232,0.274,0.3028
1529055300,0.4884,52.3,0.3203,76.9,0.00174,0.4152,0.2723,0.3124
1529055600,0.509,53.2,0.3227,85.0,0.00192,0.4193,0.2658,0.3149
1529055900,0.5112,53.6,0.3241,84.5,0.00143,0.418,0.265,0.317
1529056200,0.5056,52.2,0.3226,75.3,0.00118,0.4186,0.2671,0.3143
1529056500,0.4719,49.7,0.316,77.4,0.00101,0.4157,0.2784,0.3059
1529056800,0.4657,49.3,0.314,81.7,0.00166,0.4113,0.2773,0.3114
1529057100,0.4748,50.1,0.3142,77.0,0.00149,0.406,0.2687,0.3253
1529057400,0.4805,51.4,0.3154,73.7,0.00116,0.4037,0.265,0.3312
1529057700,0.4962,53.0,0.3193,85.6,0.00161,0.4041,0.26,0.3358
1529058000,0.4948,54.4,0.319,77.5,0.00128,0.404,0.2605,0.3355
1529058300,0.4915,55.6,0.3186,73.8,0.00102,0.3986,0.2584,0.3431
1529058600,0.475,55.6,0.3169,77.2,0.00134,0.3887,0.2593,0.352
1529058900,0.4296,53.2,0.3102,73.1,0.00124,0.3651,0.2636,0.3713
1529059200,0.4157,50.3,0.307,61.0,0.00125,0.3538,0.2613,0.3849
1529059500,0.4433,50.2,0.3109,68.5,0.00116,0.3546,0.2487,0.3966
1529059800,0.474,50.9,0.3174,72.4,0.00154,0.3614,0.242,0.3966
1529060100,0.4959,52.8,0.3203,80.5,0.00148,0.3701,0.239,0.3909
1529060400,0.51,54.3,0.3241,76.4,0.00167,0.3834,0.2436,0.373
1529060700,0.5079,54.4,0.3225,90.2,0.00166,0.3967,0.2519,0.3514
1529061000,0.4854,53.7,0.3189,73.9,0.00106,0.3988,0.262,0.3391
1529061300,0.4857,54.2,0.317,88.8,0.00171,0.4009,0.2616,0.3375
1529061600,0.4868,55.4,0.3163,78.5,0.00117,0.3953,0.2568,0.3479
1529061900,0.4905,56.3,0.3156,78.2,0.00131,0.3911,0.2516,0.3573
1529062200,0.4819,56.3,0.3154,77.2,0.00125,0.3819,0.25,0.3681
1529062500,0.4825,57.0,0.3172,75.6,0.00145,0.3808,0.2504,0.3688
1529062800,0.4907,57.9,0.319,72.0,0.00112,0.3822,0.2485,0.3693
1529063100,0.5006,58.6,0.3211,85.3,0.00114,0.386,0.2476,0.3663
1529063400,0.4997,57.4,0.3219,73.3,0.00108,0.3862,0.2488,0.365
1529063700,0.487,55.5,0.3194,80.1,0.00119,0.3937,0.2582,0.3481
1529064000,0.4527,50.1,0.3099,69.6,0.00184,0.4258,0.2915,0.2828
1529064300,0.4349,50.4,0.3119,76.8,0.00112,0.4123,0.2957,0.2921
1529064600,0.4176,50.6,0.3111,74.0,0.00113,0.3904,0.2909,0.3187
1529064900,0.4258,51.3,0.3104,80.3,0.0012,0.3792,0.2765,0.3443
1529065200,0.4661,50.7,0.3138,76.3,0.00147,0.3894,0.2621,0.3485
1529065500,0.4795,53.3,0.3143,79.0,0.00131,0.3858,0.2529,0.3613
1529065800,0.4784,55.5,0.3156,73.2,0.0012,0.3766,0.2485,0.3749
1529066100,0.4781,56.6,0.3152,83.2,0.00137,0.3777,0.249,0.3734
1529066400,0.4771,57.2,0.3173,78.0,0.00143,0.3779,0.2513,0.3708
1529066700,0.4773,57.2,0.3192,71.4,0.0011,0.3819,0.2554,0.3627
1529067000,0.4905,56.4,0.3181,76.4,0.00127,0.3857,0.2501,0.3642
1529067300,0.4697,54.5,0.3159,81.4,0.0012,0.385,0.2589,0.3561
1529067600,0.4554,53.3,0.3143,81.8,0.00108,0.3808,0.2628,0.3563
1529067900,0.4469,52.0,0.3107,74.9,0.00108,0.3734,0.2596,0.367
1529068200,0.426,52.3,0.3106,74.6,0.00113,0.3506,0.2557,0.3937
1529068500,0.3807,50.3,0.3079,73.1,0.00142,0.3239,0.262,0.4141
1529068800,0.3624,49.7,0.3057,72.6,0.00114,0.3034,0.256,0.4406
1529069100,0.3603,49.1,0.3013,68.5,0.00148,0.303,0.2534,0.4435
1529069400,0.3556,49.9,0.3043,67.2,0.00149,0.2822,0.2415,0.4762
1529069700,0.3735,50.7,0.3102,77.9,0.00112,0.2813,0.2337,0.485
1529070000,0.3808,52.6,0.3132,83.3,0.00133,0.2759,0.2269,0.4972
1529070300,0.3944,52.2,0.3206,67.4,0.00157,0.2738,0.2225,0.5037
1529070600,0.4345,52.6,0.3319,79.0,0.00148,0.2851,0.2178,0.4972
1529070900,0.42,53.5,0.3327,75.1,0.00151,0.2759,0.2185,0.5056
1529071200,0.4067,54.2,0.3257,66.8,0.00128,0.2698,0.2161,0.5142
1529071500,0.4207,54.4,0.3329,81.5,0.00109,0.272,0.2152,0.5128
1529071800,0.4172,55.0,0.3252,72.7,0.00167,0.2691,0.2097,0.5212
1529072100,0.4301,54.7,0.322,68.6,0.00146,0.2748,0.2057,0.5195
1529072400,0.4474,55.0,0.3343,84.1,0.00124,0.2801,0.2093,0.5106
1529072700,0.4275,55.8,0.3293,66.3,0.00177,0.2759,0.2125,0.5115
1529073000,0.4464,56.9,0.334,81.9,0.00158,0.2811,0.2103,0.5086
1529073300,0.4558,57.6,0.3356,68.3,0.00123,0.284,0.2091,0.507
1529073600,0.4473,56.3,0.3307,79.7,0.00133,0.2844,0.2103,0.5054
1529073900,0.4369,55.8,0.3259,78.4,0.00108,0.2804,0.2092,0.5105
1529074200,0.4415,56.3,0.3265,69.4,0.00101,0.2795,0.2067,0.5138
1529074500,0.4438,56.5,0.3288,69.6,0.0014,0.2778,0.2058,0.5165
1529074800,0.4305,57.3,0.3246,76.0,0.0012,0.2726,0.2055,0.5219
1529075100,0.4327,58.4,0.3271,71.8,0.00118,0.2703,0.2043,0.5254
1529075400,0.4386,59.2,0.327,81.8,0.00105,0.2728,0.2034,0.5237
1529075700,0.4399,58.9,0.3269,81.7,0.00174,0.2736,0.2034,0.523
1529076000,0.4539,58.8,0.3273,66.9,0.00212,0.2777,0.2003,0.522
1529076300,0.456,58.7,0.3264,77.8,0.00178,0.2786,0.1994,0.522
1529076600,0.4367,58.2,0.3224,66.6,0.00148,0.2731,0.2016,0.5253
1529076900,0.4322,57.7,0.3251,71.7,0.00163,0.2717,0.2044,0.524
1529077200,0.4272,43.5,0.2898,68.7,0.00149,0.378,0.2564,0.3656
1529077500,0.451,47.8,0.3112,77.3,0.00156,0.3381,0.2333,0.4285
1529077800,0.4489,50.0,0.319,78.1,0.00136,0.3203,0.2276,0.4521
1529078100,0.4619,50.8,0.3194,79.5,0.0013,0.3182,0.2201,0.4617
1529078400,0.445,51.0,0.3113,77.2,0.0022,0.3065,0.2144,0.479
1529078700,0.44,51.9,0.314,67.0,0.0017,0.3017,0.2153,0.4829
1529079000,0.4421,52.6,0.3215,78.3,0.00119,0.2903,0.2111,0.4986
1529079300,0.444,52.8,0.3167,76.0,0.00112,0.3012,0.2148,0.484
1529079600,0.4564,53.7,0.322,76.1,0.00129,0.3114,0.2197,0.4689
1529079900,0.4827,55.2,0.3393,75.1,0.00131,0.3132,0.2202,0.4666
1529080200,0.4862,58.0,0.3384,70.4,0.00153,0.3113,0.2167,0.4721
1529080500,0.4882,59.2,0.3391,76.8,0.00145,0.3119,0.2167,0.4714
1529080800,0.4996,57.7,0.3428,79.7,0.00194,0.3176,0.2179,0.4644
1529081100,0.5047,56.2,0.341,83.4,0.00124,0.3204,0.2165,0.4631
1529081400,0.5086,55.4,0.3438,85.1,0.00162,0.3202,0.2164,0.4633
1529081700,0.5108,52.3,0.3451,89.0,0.00155,0.3186,0.2153,0.4661
1529082000,0.5271,50.4,0.3547,82.2,0.00216,0.3227,0.2171,0.4602
1529082300,0.5229,50.0,0.3547,75.2,0.002,0.3214,0.218,0.4606
1529082600,0.5079,49.8,0.3564,77.1,0.00144,0.3153,0.2213,0.4634
1529082900,0.4693,49.1,0.3381,73.1,0.00103,0.3075,0.2215,0.471
1529083200,0.4866,47.9,0.336,79.9,0.00113,0.3217,0.2221,0.4562
1529083500,0.5026,47.8,0.3349,84.4,0.00116,0.3314,0.2208,0.4478
1529083800,0.4638,49.1,0.3083,78.7,0.00106,0.3186,0.2118,0.4696
1529084100,0.4629,50.1,0.3187,75.9,0.00158,0.3273,0.2253,0.4474
1529084400,0.4668,50.3,0.3273,79.8,0.0013,0.3136,0.2199,0.4665
1529084700,0.4524,50.0,0.339,78.7,0.00126,0.2969,0.2225,0.4806
1529085000,0.4558,51.2,0.34,87.1,0.00104,0.2951,0.2201,0.4848
1529085300,0.4739,51.7,0.3446,82.3,0.00101,0.2983,0.2169,0.4847
1529085600,0.4709,52.0,0.3436,85.2,0.00109,0.2969,0.2167,0.4864
1529085900,0.4635,51.3,0.345,71.9,0.00114,0.2923,0.2176,0.4901
1529086200,0.4625,50.5,0.3491,68.6,0.00158,0.2895,0.2185,0.492
1529086500,0.4792,49.9,0.3487,81.0,0.00111,0.2955,0.215,0.4894
1529086800,0.4838,49.6,0.3467,72.6,0.00134,0.2947,0.2112,0.4942
1529087100,0.4985,49.4,0.3581,79.0,0.00143,0.2978,0.2139,0.4883
1529087400,0.52,49.8,0.3619,83.5,0.00161,0.3069,0.2136,0.4795
1529087700,0.4995,49.4,0.3606,73.8,0.00142,0.2986,0.2155,0.4859
1529088000,0.4822,48.1,0.3544,73.7,0.0013,0.2992,0.2199,0.481
1529088300,0.4705,46.3,0.3509,84.4,0.00186,0.2974,0.2218,0.4808
1529088600,0.4861,46.8,0.3538,82.5,0.00146,0.3022,0.2199,0.4779
1529088900,0.4924,46.1,0.3585,82.4,0.00129,0.303,0.2206,0.4763
1529089200,0.4823,46.7,0.3559,70.7,0.00125,0.3002,0.2215,0.4782
1529089500,0.47,45.6,0.3438,78.6,0.00135,0.2981,0.218,0.4839
1529089800,0.5199,45.9,0.3639,78.8,0.00166,0.311,0.2177,0.4713
1529090100,0.5279,45.9,0.3684,77.7,0.00184,0.3077,0.2147,0.4776
1529090400,0.5151,44.2,0.3636,69.0,0.00208,0.3078,0.2173,0.475
1529090700,0.4869,43.6,0.3616,81.0,0.00105,0.297,0.2206,0.4824
1529091000,0.4817,43.6,0.3602,82.1,0.00126,0.2922,0.2185,0.4894
1529091300,0.4784,43.2,0.3592,78.3,0.00114,0.2895,0.2174,0.4931
1529091600,0.4859,43.8,0.3589,78.2,0.00103,0.2907,0.2147,0.4946
1529091900,0.482,43.7,0.3545,81.6,0.00159,0.2984,0.2195,0.4821
1529092200,0.5013,44.2,0.3554,79.0,0.00155,0.3035,0.2152,0.4813
1529092500,0.481,43.7,0.3456,64.9,0.00184,0.2987,0.2146,0.4866
1529092800,0.4621,43.6,0.3378,79.8,0.00103,0.2925,0.2138,0.4938
1529093100,0.4384,43.0,0.3356,69.7,0.00149,0.2839,0.2173,0.4988
1529093400,0.438,44.4,0.3266,66.7,0.00199,0.2823,0.2105,0.5072
1529093700,0.4442,43.7,0.332,66.1,0.00121,0.2832,0.2117,0.5051
1529094000,0.4685,43.6,0.3459,79.4,0.00173,0.2888,0.2132,0.498
1529094300,0.4892,43.5,0.36,83.9,0.0018,0.2933,0.2158,0.4908
1529094600,0.5057,43.8,0.3726,78.1,0.00156,0.2951,0.2175,0.4874
1529094900,0.5001,42.6,0.3711,84.7,0.00131,0.295,0.2189,0.4862
1529095200,0.4928,42.5,0.3756,84.7,0.00155,0.291,0.2218,0.4872
1529095500,0.4973,42.0,0.3734,80.8,0.0016,0.2939,0.2207,0.4855
1529095800,0.4982,40.8,0.366,74.9,0.00163,0.2998,0.2202,0.48
1529096100,0.486,39.7,0.3546,74.8,0.00137,0.3046,0.2223,0.4731
1529096400,0.4975,39.7,0.3649,82.3,0.00131,0.3054,0.224,0.4705
1529096700,0.4952,40.2,0.3661,83.9,0.00147,0.3008,0.2224,0.4767
1529097000,0.4964,41.4,0.3656,81.8,0.00142,0.2959,0.2179,0.4862
1529097300,0.5093,41.7,0.365,91.1,0.0014,0.2993,0.2145,0.4863
1529097600,0.5278,42.1,0.3695,83.0,0.00258,0.3002,0.2102,0.4896
1529097900,0.5172,42.1,0.3656,88.8,0.00194,0.2987,0.2112,0.4901
1529098200,0.5219,41.6,0.3672,82.5,0.00206,0.3036,0.2136,0.4827
1529098500,0.5228,40.9,0.3713,80.1,0.00191,0.3039,0.2158,0.4803
1529098800,0.5058,41.5,0.3696,88.1,0.0013,0.302,0.2207,0.4773
1529099100,0.484,41.2,0.3714,78.9,0.00101,0.2932,0.225,0.4818
1529099400,0.4895,42.6,0.3703,80.4,0.00129,0.293,0.2216,0.4854
1529099700,0.4907,43.6,0.366,78.4,0.002,0.2898,0.2161,0.4941
1529100000,0.4911,43.9,0.3627,76.1,0.00102,0.29,0.2142,0.4958
1529100300,0.4858,44.0,0.3698,83.3,0.00164,0.2866,0.2182,0.4952
1529100600,0.483,43.8,0.3681,75.5,0.00178,0.2863,0.2182,0.4955
1529100900,0.454,42.8,0.3643,75.0,0.00127,0.2794,0.2242,0.4963
1529101200,0.4464,42.2,0.3576,73.7,0.00135,0.2778,0.2225,0.4997
1529101500,0.4509,41.2,0.3494,72.6,0.00179,0.2825,0.2189,0.4987
1529101800,0.4793,41.4,0.3626,84.7,0.00111,0.2929,0.2216,0.4855
1529102100,0.4922,43.1,0.3619,70.7,0.00135,0.296,0.2176,0.4864
1529102400,0.4781,44.2,0.3594,81.6,0.00129,0.2891,0.2173,0.4936
1529102700,0.4667,44.0,0.3607,73.8,0.00142,0.2841,0.2195,0.4964
1529103000,0.4928,44.3,0.3596,78.8,0.00128,0.2946,0.215,0.4904
1529103300,0.4823,44.8,0.3524,76.8,0.00107,0.2935,0.2144,0.4921
1529103600,0.4788,45.3,0.3429,78.9,0.00147,0.2948,0.2111,0.4941
1529103900,0.4309,46.3,0.3244,73.4,0.00173,0.2834,0.2134,0.5032
1529104200,0.4332,46.7,0.3161,69.3,0.00128,0.2876,0.2099,0.5025
1529104500,0.447,47.5,0.3102,78.7,0.00115,0.2982,0.2069,0.4949
1529104800,0.443,47.3,0.3068,77.1,0.00104,0.2923,0.2024,0.5053
1529105100,0.4393,46.2,0.2983,71.9,0.00165,0.2952,0.2005,0.5043
1529105400,0.4355,46.6,0.3038,77.1,0.00101,0.2876,0.2006,0.5117
1529105700,0.4295,46.3,0.3018,65.6,0.00109,0.2773,0.1949,0.5278
1529106000,0.4364,46.1,0.3082,72.8,0.00117,0.2705,0.1911,0.5384
1529106300,0.4196,45.3,0.2955,68.4,0.00137,0.2717,0.1913,0.537
1529106600,0.442,46.5,0.3059,73.4,0.00126,0.2707,0.1873,0.542
1529106900,0.4394,47.1,0.3022,80.1,0.00124,0.266,0.183,0.551
1529107200,0.4554,48.0,0.3151,65.1,0.00152,0.2658,0.1839,0.5504
1529107500,0.4441,48.3,0.3099,76.5,0.0017,0.2682,0.1872,0.5446
1529107800,0.4517,48.5,0.3119,70.5,0.00143,0.2745,0.1895,0.5359
1529108100,0.4544,50.1,0.3095,84.4,0.00144,0.2784,0.1897,0.5319
1529108400,0.4896,52.7,0.3101,79.0,0.00143,0.2833,0.1794,0.5373
1529108700,0.4926,55.6,0.3074,78.1,0.00131,0.2884,0.18,0.5316
1529109000,0.4947,59.6,0.3072,71.5,0.00148,0.2912,0.1809,0.5279
1529109300,0.4992,59.9,0.3093,75.8,0.00209,0.2958,0.1833,0.521
1529109600,0.4899,59.4,0.3125,81.6,0.00118,0.29,0.185,0.525
1529109900,0.4886,56.4,0.3192,70.6,0.00133,0.2853,0.1864,0.5283
1529110200,0.4766,55.3,0.3212,67.9,0.00113,0.2833,0.1909,0.5258
1529110500,0.4823,56.6,0.323,72.4,0.00155,0.2838,0.1901,0.5261
1529110800,0.4691,53.0,0.3169,88.4,0.0012,0.2929,0.1978,0.5093
1529111100,0.4585,50.6,0.3139,82.4,0.00167,0.2966,0.2031,0.5003
1529111400,0.4644,50.5,0.3154,82.3,0.00107,0.2952,0.2005,0.5043
1529111700,0.4658,48.6,0.3116,84.4,0.00154,0.301,0.2013,0.4977
1529112000,0.4672,50.2,0.3124,77.8,0.0013,0.3012,0.2014,0.4973
1529112300,0.4849,54.9,0.318,90.2,0.00185,0.294,0.1928,0.5132
1529112600,0.4567,51.8,0.3164,80.6,0.00109,0.285,0.1974,0.5176
1529112900,0.4454,50.0,0.3194,68.7,0.00103,0.2754,0.1975,0.5271
1529113200,0.4605,51.9,0.3241,77.1,0.00117,0.2755,0.1939,0.5305
1529113500,0.4741,52.9,0.3252,73.8,0.00128,0.28,0.1921,0.5279
1529113800,0.4681,51.4,0.3187,78.8,0.00147,0.2803,0.1908,0.5289
1529114100,0.461,52.3,0.32,72.2,0.00146,0.2777,0.1928,0.5295
1529114400,0.4743,52.7,0.3199,73.8,0.0012,0.2871,0.1937,0.5192
1529114700,0.4781,53.5,0.3207,74.4,0.00151,0.2887,0.1936,0.5177
1529115000,0.5057,52.9,0.327,83.3,0.00142,0.2908,0.188,0.5212
1529115300,0.4812,44.7,0.3142,81.0,0.00108,0.3771,0.2463,0.3766
1529115600,0.4571,42.7,0.3038,70.3,0.00148,0.4072,0.2706,0.3222
1529115900,0.4665,45.5,0.3117,84.9,0.00125,0.389,0.2599,0.3511
1529116200,0.4753,45.4,0.3148,91.2,0.00126,0.3713,0.2459,0.3828
1529116500,0.4618,42.4,0.3109,70.4,0.00105,0.3772,0.2539,0.3689
1529116800,0.4436,45.6,0.3092,73.5,0.002,0.3509,0.2446,0.4045
1529117100,0.4016,46.4,0.3057,61.4,0.00154,0.3211,0.2444,0.4346
1529117400,0.3981,45.9,0.3041,71.9,0.0012,0.3141,0.2399,0.446
1529117700,0.4129,47.4,0.3033,70.1,0.00103,0.3132,0.2301,0.4567
1529118000,0.4186,49.0,0.312,71.0,0.00117,0.2946,0.2196,0.4858
1529118300,0.4359,49.0,0.3195,75.9,0.00119,0.2949,0.2162,0.4889
1529118600,0.4382,48.7,0.3233,79.3,0.00232,0.2948,0.2175,0.4877
1529118900,0.4351,47.1,0.3219,78.9,0.00181,0.2968,0.2196,0.4836
1529119200,0.4074,46.5,0.3187,78.0,0.00137,0.2847,0.2227,0.4926
1529119500,0.4181,46.3,0.3203,75.7,0.00217,0.2912,0.2231,0.4857
1529119800,0.4316,45.7,0.3214,76.2,0.00224,0.2967,0.2209,0.4824
1529120100,0.4308,45.0,0.3247,74.7,0.00103,0.3101,0.2338,0.4561
1529120400,0.4402,45.2,0.3265,65.2,0.00162,0.3148,0.2335,0.4517
1529120700,0.4424,44.8,0.3261,76.8,0.0014,0.3149,0.2321,0.453
1529121000,0.4256,43.9,0.3237,68.9,0.0012,0.3074,0.2338,0.4587
1529121300,0.4391,43.2,0.3247,78.0,0.0015,0.3131,0.2315,0.4553
1529121600,0.4336,40.3,0.3245,69.1,0.00102,0.3331,0.2493,0.4177
1529121900,0.4207,40.7,0.3234,74.3,0.00117,0.3276,0.2518,0.4206
1529122200,0.4077,41.0,0.3223,70.5,0.00129,0.3202,0.2531,0.4267
1529122500,0.4011,42.1,0.3211,65.4,0.00118,0.3145,0.2518,0.4337
1529122800,0.4195,42.9,0.3208,77.3,0.00113,0.3198,0.2446,0.4356
1529123100,0.4284,44.4,0.3217,63.4,0.00202,0.3205,0.2407,0.4388
1529123400,0.4303,44.8,0.3223,76.8,0.00139,0.3195,0.2393,0.4412
1529123700,0.4254,45.2,0.3227,80.4,0.00148,0.3144,0.2385,0.4471
1529124000,0.4267,45.3,0.3233,76.1,0.00119,0.3135,0.2376,0.4489
1529124300,0.4597,45.6,0.3239,78.0,0.00163,0.3302,0.2327,0.4372
1529124600,0.4858,47.3,0.3294,87.9,0.00104,0.3402,0.2307,0.4291
1529124900,0.4699,47.0,0.3303,76.0,0.00152,0.3502,0.2462,0.4036
1529125200,0.4696,46.4,0.3305,89.5,0.0014,0.3648,0.2568,0.3784
1529125500,0.4778,43.7,0.3113,81.9,0.00122,0.4015,0.2616,0.3368
1529125800,0.4764,41.4,0.3109,87.2,0.00132,0.4127,0.2693,0.3181
1529126100,0.4792,41.5,0.3136,72.2,0.0012,0.3995,0.2614,0.3391
1529126400,0.4768,42.1,0.315,74.3,0.00177,0.3879,0.2563,0.3559
1529126700,0.4816,43.5,0.3187,75.8,0.00167,0.3876,0.2565,0.3559
1529127000,0.4914,44.1,0.3194,75.3,0.0011,0.3877,0.252,0.3603
1529127300,0.4917,44.4,0.3221,85.9,0.00205,0.3856,0.2526,0.3618
1529127600,0.4985,46.3,0.3265,85.1,0.00145,0.386,0.2528,0.3612
1529127900,0.5013,46.5,0.3267,82.2,0.00141,0.3871,0.2523,0.3606
1529128200,0.4964,46.2,0.3237,76.9,0.0015,0.3838,0.2502,0.366
1529128500,0.49,46.5,0.323,79.2,0.00144,0.3864,0.2547,0.3589
1529128800,0.4897,47.7,0.3232,74.6,0.00108,0.3884,0.2563,0.3552
1529129100,0.4934,46.7,0.3259,76.7,0.00197,0.3972,0.2623,0.3405
1529129400,0.4913,47.8,0.3265,77.6,0.00122,0.3955,0.2628,0.3417
1529129700,0.4918,47.5,0.3275,86.4,0.00168,0.392,0.261,0.347
1529130000,0.4903,47.2,0.3279,78.0,0.00111,0.39,0.2608,0.3492
1529130300,0.4879,46.7,0.3249,72.9,0.00135,0.3938,0.2622,0.344
1529130600,0.4939,46.4,0.3238,82.4,0.00182,0.3967,0.2601,0.3432
1529130900,0.4837,45.4,0.3227,77.8,0.00172,0.397,0.2648,0.3382
1529131200,0.4917,44.1,0.3237,76.6,0.0011,0.4023,0.2648,0.3329
1529131500,0.4898,45.9,0.3239,84.5,0.00137,0.3985,0.2635,0.338
1529131800,0.496,45.8,0.3245,83.7,0.00142,0.3983,0.2606,0.3412
1529132100,0.4846,45.5,0.3235,73.2,0.00142,0.4047,0.2702,0.3251
1529132400,0.4845,45.4,0.3225,79.7,0.00138,0.4015,0.2672,0.3313
1529132700,0.4817,45.6,0.3221,82.9,0.00153,0.402,0.2688,0.3293
1529133000,0.479,46.8,0.3233,82.1,0.00139,0.3952,0.2667,0.3381
1529133300,0.4874,47.1,0.3237,78.2,0.00129,0.3967,0.2635,0.3398
1529133600,0.49,46.7,0.3247,83.3,0.00136,0.3987,0.2642,0.3371
1529133900,0.4934,46.6,0.3262,80.1,0.00179,0.3975,0.2628,0.3398
1529134200,0.4895,46.2,0.3261,87.1,0.00225,0.3945,0.2628,0.3426
1529134500,0.4874,46.8,0.3272,79.5,0.00112,0.3919,0.2631,0.345
1529134800,0.4754,46.8,0.3245,76.1,0.00127,0.3895,0.2659,0.3446
1529135100,0.4752,46.6,0.3221,76.8,0.00123,0.3892,0.2638,0.347
1529135400,0.4927,46.7,0.3242,83.6,0.00207,0.3928,0.2585,0.3487
1529135700,0.4978,46.7,0.3259,81.1,0.001,0.3972,0.26,0.3428
1529136000,0.4879,46.7,0.3238,72.7,0.00145,0.3949,0.2621,0.3431
1529136300,0.4822,46.1,0.3237,74.2,0.00103,0.3947,0.265,0.3403
1529136600,0.4839,46.1,0.3233,79.9,0.00185,0.3969,0.2652,0.3379
1529136900,0.4913,45.5,0.3286,72.0,0.00115,0.3993,0.2671,0.3336
1529137200,0.4876,45.2,0.3281,86.5,0.00163,0.4083,0.2748,0.3169
1529137500,0.4846,45.4,0.3273,74.7,0.00171,0.407,0.2749,0.3181
1529137800,0.482,44.5,0.3273,86.4,0.00141,0.4045,0.2747,0.3208
1529138100,0.4729,44.6,0.3277,72.9,0.00152,0.4009,0.2778,0.3213
1529138400,0.4743,44.5,0.3269,85.8,0.00113,0.3994,0.2753,0.3253
1529138700,0.4753,44.3,0.3247,88.4,0.00103,0.3997,0.2731,0.3272
1529139000,0.4484,43.1,0.3208,64.3,0.00112,0.3877,0.2773,0.335
1529139300,0.4766,43.0,0.3247,68.7,0.00114,0.3996,0.2722,0.3282
1529139600,0.4834,44.0,0.3241,70.1,0.00102,0.4043,0.2711,0.3247
1529139900,0.4671,43.6,0.3208,82.4,0.00153,0.4029,0.2767,0.3205
1529140200,0.4664,44.1,0.3186,79.1,0.0012,0.4077,0.2785,0.3138
1529140500,0.4774,44.8,0.3196,81.8,0.00161,0.4087,0.2736,0.3177
1529140800,0.4761,45.7,0.321,72.3,0.0012,0.4032,0.2718,0.325
1529141100,0.4766,46.3,0.3228,82.2,0.00108,0.4043,0.2739,0.3218
1529141400,0.4728,46.9,0.3222,75.0,0.0015,0.4025,0.2743,0.3232
1529141700,0.4808,46.1,0.3237,83.1,0.00179,0.4125,0.2777,0.3097
1529142000,0.468,45.8,0.3228,83.1,0.00147,0.404,0.2787,0.3173
1529142300,0.4274,44.5,0.3199,69.9,0.00111,0.3837,0.2872,0.3291
1529142600,0.3835,42.7,0.315,73.5,0.0019,0.3612,0.2967,0.3421
1529142900,0.3897,41.9,0.316,73.2,0.00128,0.356,0.2886,0.3554
1529143200,0.4256,43.2,0.319,74.9,0.00172,0.3624,0.2716,0.366
1529143500,0.4512,44.2,0.3241,81.3,0.00133,0.3658,0.2627,0.3715
1529143800,0.4897,47.0,0.331,79.7,0.00107,0.3867,0.2614,0.3519
1529144100,0.4833,47.4,0.3307,86.8,0.00127,0.3897,0.2666,0.3437
1529144400,0.4768,46.3,0.3284,72.7,0.0014,0.4043,0.2785,0.3172
1529144700,0.4715,46.5,0.3276,79.0,0.00161,0.4079,0.2834,0.3086
1529145000,0.4772,46.2,0.3278,77.7,0.00175,0.4108,0.2822,0.307
1529145300,0.4698,44.0,0.327,79.0,0.00167,0.4129,0.2874,0.2997
1529145600,0.4684,44.7,0.3273,76.7,0.00215,0.4097,0.2863,0.304
1529145900,0.4691,44.8,0.3264,81.4,0.00151,0.4071,0.2832,0.3097
1529146200,0.4656,45.5,0.3247,75.6,0.00108,0.404,0.2817,0.3143
1529146500,0.4651,44.8,0.324,84.9,0.00123,0.405,0.2821,0.3129
1529146800,0.4554,44.4,0.321,70.7,0.00146,0.4047,0.2852,0.3101
1529147100,0.4522,44.8,0.3213,80.3,0.00135,0.403,0.2864,0.3106
1529147400,0.4517,41.8,0.3136,76.1,0.00136,0.429,0.2978,0.2732
1529147700,0.4354,43.3,0.3159,74.8,0.00101,0.4088,0.2966,0.2945
1529148000,0.3911,42.0,0.311,74.9,0.00146,0.375,0.2982,0.3267
1529148300,0.4657,41.5,0.3204,73.3,0.00169,0.4076,0.2804,0.3119
1529148600,0.4829,44.2,0.3253,74.9,0.0015,0.4142,0.279,0.3067
1529148900,0.4679,45.4,0.3305,74.3,0.00136,0.4214,0.2977,0.2809
1529149200,0.4614,45.3,0.3298,72.8,0.00132,0.4228,0.3022,0.2749
1529149500,0.4592,44.6,0.3307,71.5,0.00102,0.4224,0.3042,0.2734
1529149800,0.4242,43.8,0.3265,80.9,0.00121,0.4061,0.3125,0.2814
1529150100,0.4571,42.8,0.3287,74.7,0.0012,0.4224,0.3037,0.2739
1529150400,0.4549,43.4,0.326,67.7,0.0015,0.4223,0.3027,0.275
1529150700,0.4419,44.2,0.3272,81.0,0.00206,0.4134,0.3061,0.2805
1529151000,0.4473,44.6,0.3278,75.9,0.00101,0.4171,0.3057,0.2772
1529151300,0.4491,45.2,0.3261,82.4,0.00164,0.4177,0.3033,0.2789
1529151600,0.4469,45.6,0.3247,76.1,0.00109,0.4125,0.2997,0.2878
1529151900,0.4624,46.1,0.3256,75.8,0.00107,0.415,0.2923,0.2927
1529152200,0.4455,47.0,0.3258,82.3,0.00173,0.403,0.2947,0.3023
1529152500,0.4439,48.1,0.324,82.5,0.00145,0.4011,0.2928,0.3062
1529152800,0.4419,47.2,0.3215,73.6,0.0011,0.4031,0.2933,0.3036
1529153100,0.4402,49.1,0.3217,77.8,0.00132,0.3951,0.2887,0.3162
1529153400,0.4182,49.8,0.3188,74.0,0.0013,0.3772,0.2875,0.3353
1529153700,0.4615,49.9,0.3251,79.0,0.00136,0.3897,0.2745,0.3358
1529154000,0.4722,50.0,0.3259,74.8,0.00142,0.3975,0.2743,0.3282
1529154300,0.465,49.9,0.3254,86.2,0.00149,0.4018,0.2811,0.3171
1529154600,0.4607,49.5,0.3212,80.0,0.00141,0.4105,0.2862,0.3033
1529154900,0.44,48.4,0.3201,76.3,0.00214,0.4006,0.2914,0.308
1529155200,0.3877,46.2,0.3164,74.0,0.00114,0.368,0.3004,0.3316
1529155500,0.3508,42.4,0.3088,73.2,0.00141,0.36,0.3169,0.3231
1529155800,0.4089,43.7,0.3149,66.1,0.00134,0.3622,0.2789,0.3589
1529156100,0.4507,43.2,0.3224,76.8,0.00117,0.3757,0.2687,0.3556
1529156400,0.4204,45.2,0.3233,76.1,0.00124,0.3607,0.2774,0.3619
1529156700,0.4421,46.1,0.3238,78.1,0.00128,0.3793,0.2778,0.3429
1529157000,0.447,48.9,0.3234,83.5,0.00149,0.3832,0.2772,0.3396
1529157300,0.4418,48.3,0.3217,69.1,0.00107,0.3822,0.2783,0.3396
1529157600,0.3993,47.6,0.3163,76.2,0.00167,0.3679,0.2914,0.3406
1529157900,0.3628,47.8,0.3121,69.1,0.0015,0.3371,0.29,0.3729
1529158200,0.3524,47.1,0.3088,62.9,0.00149,0.3125,0.2738,0.4137
1529158500,0.3695,47.8,0.3144,66.7,0.00165,0.3051,0.2596,0.4353
1529158800,0.3989,47.8,0.3198,72.5,0.00127,0.3063,0.2455,0.4482
1529159100,0.4008,48.6,0.3276,81.2,0.00184,0.2969,0.2427,0.4604
1529159400,0.3992,49.7,0.3231,73.2,0.00177,0.287,0.2323,0.4808
1529159700,0.4078,50.3,0.3266,71.7,0.00134,0.2798,0.2241,0.496
1529160000,0.4169,50.1,0.3331,70.3,0.00101,0.2801,0.2238,0.4961
1529160300,0.3936,49.9,0.33,75.1,0.00113,0.2628,0.2203,0.5169
1529160600,0.3806,50.3,0.3232,66.2,0.00145,0.2538,0.2155,0.5308
1529160900,0.3827,49.8,0.324,78.0,0.00167,0.2471,0.2092,0.5437
1529161200,0.3696,49.3,0.3226,74.8,0.00109,0.2386,0.2083,0.5531
1529161500,0.3816,49.6,0.3212,73.6,0.001,0.2408,0.2027,0.5565
1529161800,0.3819,50.3,0.3232,67.7,0.00111,0.2376,0.2011,0.5613
1529162100,0.3836,50.5,0.3243,77.0,0.00132,0.2332,0.1971,0.5697
1529162400,0.3821,50.8,0.3221,80.5,0.00138,0.2309,0.1946,0.5745
1529162700,0.3863,50.8,0.326,70.9,0.00149,0.2315,0.1954,0.5731
1529163000,0.3856,51.1,0.3241,85.4,0.00155,0.2305,0.1938,0.5757
1529163300,0.3871,51.6,0.3268,68.2,0.00169,0.2266,0.1913,0.5822
1529163600,0.3767,51.6,0.3271,65.7,0.0011,0.2227,0.1934,0.5839
1529163900,0.3929,51.0,0.333,74.9,0.00101,0.2283,0.1935,0.5782
1529164200,0.4057,50.6,0.3364,67.2,0.0017,0.2345,0.1944,0.5711
1529164500,0.4224,50.4,0.3398,70.3,0.00134,0.2397,0.1928,0.5675
1529164800,0.4079,50.3,0.3366,69.8,0.00184,0.2356,0.1944,0.57
1529165100,0.3842,50.8,0.3284,72.7,0.00158,0.2278,0.1947,0.5776
1529165400,0.3871,51.8,0.3311,70.5,0.00106,0.2282,0.1952,0.5767
1529165700,0.4268,37.5,0.3086,67.3,0.00111,0.3118,0.2254,0.4628
1529166000,0.4591,41.0,0.3268,76.0,0.0015,0.3201,0.2279,0.452
1529166300,0.4687,42.8,0.3309,75.9,0.00128,0.3125,0.2206,0.4669
1529166600,0.4772,44.0,0.3328,76.3,0.00122,0.3086,0.2153,0.4761
1529166900,0.4693,45.8,0.3264,81.0,0.00126,0.3069,0.2135,0.4796
1529167200,0.4397,45.3,0.3092,73.6,0.00161,0.3019,0.2123,0.4858
1529167500,0.4365,46.3,0.3084,77.9,0.00111,0.2928,0.2069,0.5003
1529167800,0.4354,47.2,0.306,76.9,0.00109,0.2937,0.2064,0.4999
1529168100,0.4563,48.6,0.3256,76.5,0.00116,0.2951,0.2106,0.4943
1529168400,0.4873,49.6,0.3465,73.1,0.00128,0.2896,0.206,0.5044
1529168700,0.5093,50.9,0.3553,84.2,0.00138,0.2919,0.2037,0.5044
1529169000,0.5134,50.4,0.3616,76.4,0.00237,0.2943,0.2073,0.4985
1529169300,0.4998,48.8,0.3591,70.9,0.00106,0.2896,0.2081,0.5024
1529169600,0.4976,46.3,0.3607,81.3,0.00135,0.2866,0.2078,0.5056
1529169900,0.5079,46.3,0.3647,86.3,0.00136,0.2886,0.2072,0.5041
1529170200,0.4885,45.6,0.3477,77.9,0.00158,0.2856,0.2033,0.5112
1529170500,0.5081,45.6,0.3621,86.0,0.00128,0.2862,0.2039,0.5099
1529170800,0.5154,46.7,0.3663,87.3,0.00193,0.2889,0.2053,0.5057
1529171100,0.5024,46.7,0.3604,80.6,0.00131,0.2853,0.2047,0.51
1529171400,0.504,45.8,0.3592,74.0,0.00164,0.2871,0.2046,0.5083
1529171700,0.5087,45.2,0.3627,81.3,0.00159,0.2895,0.2064,0.5042
1529172000,0.5134,44.1,0.3631,76.3,0.00143,0.2903,0.2053,0.5044
1529172300,0.529,43.6,0.3712,80.6,0.00242,0.2984,0.2094,0.4922
1529172600,0.521,44.5,0.3676,67.9,0.00208,0.2946,0.2079,0.4975
1529172900,0.4699,43.2,0.3506,73.1,0.00164,0.2859,0.2133,0.5008
1529173200,0.502,42.0,0.3637,80.3,0.00185,0.2974,0.2155,0.4871
1529173500,0.4719,41.7,0.3536,68.9,0.00108,0.2868,0.2149,0.4983
1529173800,0.4864,41.9,0.3595,79.2,0.0022,0.2905,0.2147,0.4949
1529174100,0.487,40.7,0.358,76.7,0.00138,0.294,0.2161,0.4899
1529174400,0.4788,41.3,0.356,70.6,0.00187,0.2846,0.2116,0.5039
1529174700,0.5027,42.0,0.3644,82.0,0.00183,0.2927,0.2122,0.4951
1529175000,0.5538,43.3,0.3797,80.1,0.00277,0.3037,0.2082,0.4881
1529175300,0.5421,43.2,0.3759,89.7,0.00248,0.3013,0.2089,0.4899
1529175600,0.5423,43.3,0.3846,72.9,0.00253,0.2962,0.2101,0.4937
1529175900,0.5385,43.6,0.3848,75.8,0.00315,0.2933,0.2096,0.4971
1529176200,0.5202,44.1,0.3719,73.8,0.00212,0.2926,0.2092,0.4983
1529176500,0.5169,43.1,0.3702,81.2,0.00155,0.2948,0.2112,0.494
1529176800,0.502,43.9,0.3631,80.6,0.00111,0.2935,0.2123,0.4943
1529177100,0.4727,43.4,0.3442,72.1,0.00106,0.2888,0.2103,0.5009
1529177400,0.4871,45.0,0.3457,82.5,0.00107,0.2978,0.2114,0.4908
1529177700,0.4812,46.5,0.3384,76.9,0.0013,0.2945,0.2071,0.4985
1529178000,0.4945,46.8,0.3485,74.2,0.00131,0.2962,0.2088,0.495
1529178300,0.498,47.8,0.3478,81.4,0.00182,0.2947,0.2058,0.4996
1529178600,0.4852,49.2,0.3452,71.4,0.00122,0.2929,0.2084,0.4986
1529178900,0.5027,48.3,0.3518,86.1,0.00131,0.2979,0.2085,0.4937
1529179200,0.5002,48.4,0.3504,79.9,0.00112,0.301,0.2109,0.4881
1529179500,0.481,48.0,0.3442,79.2,0.00154,0.3002,0.2148,0.485
1529179800,0.437,48.3,0.3307,72.1,0.00105,0.2892,0.2188,0.492
1529180100,0.4351,49.3,0.3345,79.2,0.00175,0.2923,0.2247,0.483
1529180400,0.4472,50.3,0.3413,80.8,0.00128,0.2969,0.2266,0.4766
1529180700,0.4708,50.1,0.3552,87.7,0.0013,0.3032,0.2287,0.4681
1529181000,0.4633,50.3,0.3533,77.4,0.00207,0.3013,0.2297,0.469
1529181300,0.4586,49.3,0.3553,87.1,0.00114,0.2963,0.2295,0.4742
1529181600,0.4622,45.9,0.3497,77.1,0.00174,0.3081,0.2331,0.4588
1529181900,0.4675,46.5,0.3574,71.5,0.00134,0.3008,0.23,0.4692
1529182200,0.4482,44.9,0.352,71.0,0.00152,0.2939,0.2308,0.4753
1529182500,0.4589,44.5,0.3511,92.3,0.00135,0.3013,0.2305,0.4682
1529182800,0.4383,44.7,0.3414,82.0,0.00119,0.2928,0.2281,0.4791
1529183100,0.459,46.1,0.3554,71.8,0.00138,0.2927,0.2267,0.4806
1529183400,0.4775,47.2,0.3661,79.2,0.00203,0.2921,0.224,0.4839
1529183700,0.4703,47.2,0.3651,84.6,0.00156,0.2878,0.2234,0.4888
1529184000,0.47,46.8,0.3695,75.1,0.00152,0.287,0.2256,0.4874
1529184300,0.485,46.9,0.367,79.0,0.00206,0.2903,0.2197,0.49
1529184600,0.484,46.5,0.3615,84.4,0.00112,0.2908,0.2172,0.492
1529184900,0.4815,45.9,0.3646,78.5,0.00111,0.2858,0.2164,0.4979
1529185200,0.4765,45.1,0.3659,77.2,0.00174,0.2838,0.218,0.4982
1529185500,0.5023,44.3,0.3748,80.9,0.00166,0.2933,0.2189,0.4878
1529185800,0.4996,44.3,0.3782,80.8,0.00159,0.2943,0.2228,0.4828
1529186100,0.5013,44.2,0.3822,72.2,0.00155,0.2958,0.2255,0.4788
1529186400,0.5071,44.0,0.3863,87.2,0.00125,0.2962,0.2257,0.4781
1529186700,0.4748,43.5,0.3721,76.8,0.00219,0.2918,0.2287,0.4796
1529187000,0.4772,43.9,0.3617,79.9,0.00116,0.3,0.2274,0.4725
1529187300,0.4754,44.7,0.3642,74.8,0.00163,0.2974,0.2279,0.4747
1529187600,0.4503,45.2,0.3568,79.3,0.00163,0.2854,0.2262,0.4884
1529187900,0.4567,43.7,0.3536,68.4,0.0015,0.2921,0.2262,0.4817
1529188200,0.4116,42.6,0.3215,65.5,0.00111,0.3049,0.2381,0.457
1529188500,0.3992,43.6,0.3122,71.2,0.0012,0.3026,0.2366,0.4608
1529188800,0.4336,45.9,0.3175,75.8,0.00211,0.2935,0.2149,0.4916
1529189100,0.4568,49.4,0.3212,75.9,0.001,0.2991,0.2103,0.4906
1529189400,0.4632,49.9,0.32,75.8,0.00155,0.3059,0.2113,0.4828
1529189700,0.4621,50.1,0.3156,62.3,0.00204,0.3066,0.2094,0.484
1529190000,0.4448,48.6,0.3113,82.2,0.00123,0.2991,0.2093,0.4916
1529190300,0.4366,49.1,0.3144,72.9,0.00109,0.2933,0.2112,0.4955
1529190600,0.4467,48.4,0.3203,74.9,0.00217,0.2994,0.2147,0.486
1529190900,0.4594,49.0,0.331,68.1,0.00128,0.2958,0.2131,0.4911
1529191200,0.4818,48.4,0.3368,75.3,0.00128,0.3026,0.2115,0.4859
1529191500,0.4735,49.5,0.3351,83.5,0.00102,0.2984,0.2112,0.4904
1529191800,0.4682,50.1,0.3325,75.6,0.00102,0.2986,0.2121,0.4893
1529192100,0.4713,50.1,0.3319,74.6,0.00133,0.3027,0.2132,0.4841
1529192400,0.4548,50.3,0.3304,77.7,0.00102,0.2961,0.2151,0.4888
1529192700,0.4472,50.1,0.3136,82.3,0.00131,0.3057,0.2144,0.4799
1529193000,0.4636,51.3,0.3269,73.0,0.00198,0.3,0.2115,0.4885
1529193300,0.4591,52.5,0.3232,74.1,0.00156,0.3017,0.2124,0.486
1529193600,0.4511,53.2,0.316,78.6,0.00105,0.2972,0.2082,0.4946
1529193900,0.4598,52.0,0.3187,79.1,0.00148,0.3053,0.2116,0.4831
1529194200,0.4522,52.5,0.3138,81.6,0.00109,0.2979,0.2067,0.4954
1529194500,0.4645,50.4,0.3198,78.3,0.00119,0.3058,0.2105,0.4836
1529194800,0.4999,51.6,0.3345,79.8,0.00111,0.312,0.2088,0.4792
1529195100,0.4867,49.7,0.3251,82.0,0.00137,0.3073,0.2053,0.4874
1529195400,0.4819,49.8,0.3212,87.9,0.00211,0.3083,0.2055,0.4862
1529195700,0.4806,48.4,0.3216,75.8,0.0019,0.3174,0.2124,0.4703
1529196000,0.4583,49.6,0.3208,77.0,0.00159,0.3007,0.2105,0.4888
1529196300,0.4579,48.1,0.3243,78.5,0.00194,0.2963,0.2098,0.4939
1529196600,0.4466,47.0,0.319,84.4,0.00181,0.3073,0.2195,0.4731
1529196900,0.4366,45.0,0.3188,67.3,0.0013,0.3045,0.2223,0.4732
1529197200,0.4376,44.3,0.3142,64.4,0.00111,0.3074,0.2207,0.4719
1529197500,0.4328,45.3,0.3095,76.8,0.00124,0.3131,0.2239,0.463
1529197800,0.4333,46.2,0.3088,77.5,0.00138,0.3114,0.2219,0.4667
1529198100,0.4439,46.4,0.3087,76.9,0.00103,0.3182,0.2213,0.4606
1529198400,0.433,46.0,0.3085,77.9,0.00114,0.3126,0.2227,0.4648
1529198700,0.4317,46.1,0.3055,81.0,0.0012,0.3189,0.2257,0.4554
1529199000,0.4608,48.1,0.3079,76.5,0.00144,0.3241,0.2166,0.4593
1529199300,0.4702,51.4,0.3113,78.5,0.00103,0.3267,0.2163,0.457
1529199600,0.4691,52.2,0.3141,77.2,0.00196,0.3208,0.2148,0.4644
1529199900,0.4698,53.2,0.3142,76.6,0.00123,0.3213,0.2149,0.4639
1529200200,0.4689,53.7,0.3158,81.3,0.00116,0.3191,0.2149,0.4659
1529200500,0.4541,50.9,0.313,77.4,0.00133,0.3057,0.2107,0.4835
1529200800,0.4532,51.8,0.31,82.8,0.00109,0.3066,0.2097,0.4837
1529201100,0.4661,54.9,0.3138,75.1,0.00132,0.3035,0.2043,0.4921
1529201400,0.461,53.5,0.3152,80.0,0.00152,0.2972,0.2032,0.4996
1529201700,0.438,49.8,0.3095,75.0,0.00129,0.2866,0.2025,0.5108
1529202000,0.4707,50.4,0.3121,77.6,0.00135,0.2985,0.1979,0.5036
1529202300,0.4993,48.4,0.3255,76.3,0.00179,0.3016,0.1966,0.5017
1529202600,0.4664,43.4,0.3122,86.1,0.00153,0.3879,0.2596,0.3525
1529202900,0.4781,43.8,0.3172,70.4,0.00179,0.3929,0.2606,0.3465
1529203200,0.4737,44.6,0.3184,72.1,0.00152,0.3867,0.2599,0.3535
1529203500,0.4778,44.1,0.3204,80.9,0.00187,0.386,0.2588,0.3552
1529203800,0.4726,44.9,0.3223,75.1,0.00196,0.3838,0.2617,0.3545
1529204100,0.4542,45.3,0.323,84.2,0.00106,0.3741,0.2661,0.3598
1529204400,0.4404,44.6,0.3214,75.7,0.00101,0.3715,0.2711,0.3573
1529204700,0.4372,43.4,0.3203,77.5,0.00163,0.3706,0.2715,0.3579
1529205000,0.4224,41.0,0.32,76.8,0.0013,0.3632,0.2751,0.3617
1529205300,0.4065,41.5,0.317,70.3,0.00119,0.3538,0.2759,0.3702
1529205600,0.3911,42.1,0.314,77.9,0.00184,0.341,0.2738,0.3852
1529205900,0.4051,43.6,0.3075,64.5,0.00135,0.3506,0.2661,0.3833
1529206200,0.4231,47.2,0.3094,75.1,0.00172,0.3497,0.2557,0.3946
1529206500,0.434,48.2,0.3139,76.4,0.00102,0.3408,0.2465,0.4128
1529206800,0.4385,47.9,0.3182,70.6,0.00112,0.337,0.2446,0.4184
1529207100,0.4442,47.5,0.3228,71.5,0.00138,0.3407,0.2476,0.4117
1529207400,0.4442,47.3,0.3218,72.9,0.00174,0.3441,0.2493,0.4067
1529207700,0.4389,46.4,0.3214,73.5,0.00123,0.3466,0.2538,0.3996
1529208000,0.4369,44.9,0.3211,72.1,0.00136,0.3446,0.2532,0.4022
1529208300,0.4345,44.1,0.3188,75.3,0.001,0.3482,0.2555,0.3964
1529208600,0.4203,43.1,0.3172,71.5,0.0012,0.3442,0.2598,0.396
1529208900,0.4304,42.6,0.3193,79.3,0.0016,0.3403,0.2525,0.4072
1529209200,0.4318,45.1,0.322,82.7,0.00154,0.3394,0.2531,0.4075
1529209500,0.4379,46.9,0.3266,69.6,0.00183,0.3421,0.2552,0.4027
1529209800,0.4418,48.3,0.3265,69.5,0.00127,0.3449,0.2549,0.4003
1529210100,0.4306,48.8,0.3245,66.8,0.001,0.3396,0.256,0.4044
1529210400,0.3872,47.8,0.3176,75.4,0.0013,0.319,0.2617,0.4193
1529210700,0.3809,47.6,0.3108,76.0,0.00137,0.31,0.253,0.437
1529211000,0.3886,47.1,0.3131,67.3,0.00126,0.3005,0.2421,0.4573
1529211300,0.3934,49.1,0.3204,77.1,0.00123,0.2905,0.2366,0.4729
1529211600,0.3989,50.5,0.3225,72.5,0.00107,0.2862,0.2314,0.4825
1529211900,0.4028,50.1,0.323,73.0,0.00128,0.2857,0.2291,0.4852
1529212200,0.3788,50.5,0.3157,68.2,0.00149,0.2881,0.2401,0.4717
1529212500,0.3957,51.6,0.3107,74.4,0.00122,0.2882,0.2263,0.4856
1529212800,0.4034,52.4,0.314,74.7,0.00164,0.2817,0.2193,0.499
1529213100,0.4042,53.3,0.3243,73.4,0.00167,0.2827,0.2268,0.4905
1529213400,0.4024,53.3,0.3226,63.5,0.00128,0.2797,0.2243,0.496
1529213700,0.4293,54.5,0.3281,68.6,0.00115,0.2873,0.2196,0.4932
1529214000,0.4534,54.5,0.3413,72.7,0.00174,0.2925,0.2202,0.4873
1529214300,0.4419,53.9,0.3359,82.1,0.00168,0.2895,0.2201,0.4904
1529214600,0.4129,53.0,0.3198,77.4,0.00217,0.2843,0.2202,0.4954
1529214900,0.4696,53.4,0.3367,77.8,0.00137,0.3047,0.2185,0.4768
1529215200,0.5251,54.3,0.3479,79.5,0.00186,0.3314,0.2196,0.449
1529215500,0.529,54.4,0.3494,71.2,0.00227,0.3503,0.2314,0.4183
1529215800,0.5026,53.3,0.336,84.8,0.00157,0.3751,0.2508,0.3741
1529216100,0.4802,51.0,0.3274,78.3,0.0012,0.3922,0.2674,0.3404
1529216400,0.4813,51.6,0.3259,72.9,0.00214,0.3994,0.2704,0.3302
1529216700,0.4842,52.1,0.3269,85.7,0.00107,0.3989,0.2693,0.3318
1529217000,0.4869,52.0,0.3268,85.6,0.00154,0.3993,0.268,0.3327
1529217300,0.4855,49.7,0.3268,76.3,0.0018,0.4039,0.2719,0.3243
1529217600,0.4859,49.3,0.327,82.5,0.0017,0.4019,0.2704,0.3277
1529217900,0.4797,49.7,0.3262,79.2,0.00106,0.398,0.2706,0.3314
1529218200,0.4831,49.7,0.3269,87.2,0.00136,0.3963,0.2681,0.3356
1529218500,0.4868,48.8,0.3317,73.4,0.00134,0.3932,0.2679,0.3388
1529218800,0.4839,47.6,0.3321,82.9,0.00148,0.3949,0.271,0.334
1529219100,0.4814,46.6,0.3303,78.7,0.00173,0.4027,0.2763,0.321
1529219400,0.4792,46.7,0.3307,86.5,0.00137,0.403,0.2781,0.3189
1529219700,0.48,46.7,0.3307,81.9,0.00106,0.4041,0.2784,0.3176
1529220000,0.4758,47.0,0.33,86.2,0.00162,0.4011,0.2782,0.3207
1529220300,0.4696,47.5,0.3273,75.8,0.00139,0.3976,0.2771,0.3254
1529220600,0.4311,46.8,0.323,76.7,0.00101,0.375,0.281,0.344
1529220900,0.4433,46.9,0.3239,79.7,0.00118,0.3751,0.2741,0.3508
1529221200,0.4815,48.3,0.3268,80.0,0.00114,0.3886,0.2637,0.3477
1529221500,0.4889,50.2,0.3303,79.6,0.00142,0.3883,0.2623,0.3494
1529221800,0.4826,51.6,0.3334,77.0,0.00174,0.3853,0.2662,0.3486
1529222100,0.4825,52.0,0.3333,77.1,0.00126,0.388,0.268,0.3439
1529222400,0.4845,51.7,0.3326,76.0,0.00103,0.3899,0.2676,0.3425
1529222700,0.4652,49.1,0.3292,75.8,0.00126,0.3906,0.2764,0.3331
1529223000,0.4664,47.8,0.3269,87.2,0.00109,0.396,0.2776,0.3264
1529223300,0.4729,49.2,0.3279,77.7,0.00137,0.3976,0.2757,0.3268
1529223600,0.4667,50.2,0.3295,79.5,0.00112,0.3919,0.2767,0.3314
1529223900,0.4533,49.7,0.327,68.2,0.00147,0.387,0.2792,0.3338
1529224200,0.4277,46.1,0.3224,80.9,0.00144,0.3813,0.2874,0.3313
1529224500,0.479,46.7,0.3276,79.3,0.0021,0.4006,0.274,0.3254
1529224800,0.4906,48.3,0.3306,85.2,0.00126,0.4048,0.2728,0.3225
1529225100,0.4806,49.1,0.3308,76.3,0.00158,0.4028,0.2773,0.3199
1529225400,0.4713,49.6,0.3308,84.3,0.00101,0.3981,0.2794,0.3225
1529225700,0.4495,49.0,0.3269,72.6,0.00146,0.3884,0.2825,0.3291
1529226000,0.4509,48.1,0.3254,78.0,0.00102,0.3875,0.2797,0.3328
1529226300,0.4766,47.8,0.326,80.0,0.0016,0.3981,0.2723,0.3296
1529226600,0.4661,48.0,0.3262,68.3,0.0014,0.3947,0.2762,0.3291
1529226900,0.4699,47.4,0.3292,80.2,0.00109,0.3986,0.2793,0.3221
1529227200,0.4733,47.2,0.3307,76.1,0.00154,0.4047,0.2827,0.3126
1529227500,0.4653,47.6,0.3317,71.4,0.00114,0.4049,0.2887,0.3064
1529227800,0.4507,48.4,0.3313,76.8,0.00104,0.3978,0.2924,0.3099
1529228100,0.4604,49.4,0.3297,77.8,0.00131,0.4027,0.2884,0.3088
1529228400,0.4552,49.9,0.3303,75.1,0.00104,0.3978,0.2886,0.3136
1529228700,0.4458,49.3,0.3298,76.7,0.00121,0.393,0.2908,0.3162
1529229000,0.4457,45.2,0.3283,72.7,0.00157,0.4001,0.2947,0.3051
1529229300,0.452,45.5,0.3299,75.1,0.00119,0.4002,0.2921,0.3077
1529229600,0.4744,46.5,0.3331,88.3,0.00122,0.4087,0.2869,0.3044
1529229900,0.4638,43.5,0.3235,73.8,0.00177,0.4348,0.3032,0.262
1529230200,0.4715,43.8,0.3252,74.7,0.00128,0.4276,0.2949,0.2776
1529230500,0.4695,44.9,0.3248,80.0,0.00144,0.4253,0.2942,0.2804
1529230800,0.458,45.7,0.3248,80.2,0.00131,0.4146,0.294,0.2914
1529231100,0.4662,47.2,0.3257,73.6,0.00129,0.4131,0.2886,0.2983
1529231400,0.4698,48.3,0.3274,75.5,0.00193,0.4099,0.2856,0.3045
1529231700,0.4408,48.7,0.3259,81.9,0.00103,0.3926,0.2903,0.3171
1529232000,0.4263,48.6,0.3239,83.3,0.00117,0.3805,0.2891,0.3304
1529232300,0.4188,49.3,0.3215,74.1,0.00161,0.3706,0.2845,0.3449
1529232600,0.462,50.8,0.326,80.9,0.00162,0.3858,0.2722,0.342
1529232900,0.4867,52.3,0.3297,73.8,0.00116,0.3979,0.2696,0.3325
1529233200,0.4899,53.7,0.3278,89.2,0.00193,0.4013,0.2685,0.3302
1529233500,0.4684,52.8,0.3229,71.1,0.00114,0.4042,0.2787,0.3171
1529233800,0.4659,53.1,0.3228,73.0,0.00179,0.4043,0.2801,0.3157
1529234100,0.4651,53.3,0.3252,70.3,0.00202,0.403,0.2818,0.3153
1529234400,0.4628,53.5,0.3255,75.8,0.00141,0.4008,0.2819,0.3172
1529234700,0.4715,53.3,0.3278,92.0,0.00136,0.4015,0.2791,0.3194
1529235000,0.4764,52.8,0.3285,77.2,0.00133,0.4031,0.2779,0.319
1529235300,0.4581,52.2,0.3274,80.1,0.00102,0.3924,0.2805,0.3271
1529235600,0.4519,52.2,0.3247,84.5,0.00139,0.3896,0.2799,0.3305
1529235900,0.4127,52.5,0.3212,78.2,0.00137,0.3683,0.2866,0.345
1529236200,0.3817,50.7,0.3168,66.5,0.00111,0.3487,0.2894,0.3618
1529236500,0.4556,50.9,0.3254,74.0,0.00106,0.3761,0.2686,0.3552
1529236800,0.4814,52.9,0.3336,84.4,0.00174,0.3831,0.2655,0.3515
1529237100,0.4707,53.5,0.3323,76.3,0.00112,0.386,0.2725,0.3415
1529237400,0.4595,52.2,0.3237,74.5,0.001,0.4002,0.2819,0.3178
1529237700,0.463,53.0,0.3209,70.3,0.00196,0.4039,0.2799,0.3162
1529238000,0.4639,53.7,0.3229,81.3,0.00125,0.3978,0.2769,0.3253
1529238300,0.4605,54.0,0.3227,75.4,0.0012,0.392,0.2747,0.3333
1529238600,0.4488,54.2,0.321,80.5,0.00164,0.3831,0.274,0.343
1529238900,0.4749,53.6,0.324,77.9,0.00104,0.3915,0.2671,0.3413
1529239200,0.488,53.9,0.3296,76.1,0.00163,0.3941,0.2662,0.3398
1529239500,0.4804,54.3,0.3288,75.4,0.00101,0.3912,0.2678,0.341
1529239800,0.4714,54.9,0.3263,78.9,0.00149,0.3895,0.2696,0.3409
1529240100,0.4679,55.3,0.3229,70.9,0.00141,0.3869,0.267,0.3461
1529240400,0.4658,55.0,0.3253,85.1,0.00117,0.3849,0.2688,0.3463
1529240700,0.4676,54.2,0.3256,71.4,0.00148,0.3884,0.2705,0.3411
1529241000,0.4648,53.7,0.3232,68.5,0.00111,0.3927,0.273,0.3343
1529241300,0.4562,53.7,0.3223,77.7,0.00227,0.3906,0.276,0.3334
1529241600,0.4642,55.3,0.3225,84.0,0.00123,0.3919,0.2723,0.3358
1529241900,0.4475,55.5,0.3227,72.8,0.00119,0.3791,0.2734,0.3475
1529242200,0.4373,54.4,0.3213,71.1,0.00129,0.3694,0.2714,0.3592
1529242500,0.4807,54.1,0.3252,76.5,0.00175,0.3859,0.2611,0.353
1529242800,0.4814,55.3,0.3269,75.8,0.00172,0.3849,0.2614,0.3537
1529243100,0.4621,55.7,0.3243,77.1,0.00115,0.3761,0.2639,0.3599
1529243400,0.4712,56.1,0.3256,86.1,0.00106,0.3781,0.2613,0.3606
1529243700,0.4675,56.1,0.327,71.2,0.00182,0.3748,0.2622,0.363
1529244000,0.4691,56.2,0.3281,78.2,0.0015,0.3743,0.2618,0.3639
1529244300,0.4743,55.9,0.3284,80.9,0.00157,0.3787,0.2622,0.3591
1529244600,0.4645,55.1,0.3281,73.1,0.001,0.3761,0.2657,0.3582
1529244900,0.4726,54.8,0.3248,80.5,0.00153,0.3867,0.2657,0.3476
1529245200,0.4759,54.9,0.3263,83.1,0.00106,0.3866,0.2651,0.3482
1529245500,0.4705,55.3,0.3272,68.7,0.0011,0.3849,0.2676,0.3475
1529245800,0.4625,55.5,0.3274,80.3,0.00197,0.3792,0.2684,0.3524
1529246100,0.444,55.2,0.324,77.6,0.00152,0.3692,0.2694,0.3614
1529246400,0.4596,55.0,0.3241,73.1,0.00112,0.3724,0.2626,0.365
1529246700,0.4585,55.3,0.3226,78.7,0.00139,0.3719,0.2616,0.3665
1529247000,0.4235,55.2,0.3212,72.8,0.00122,0.3529,0.2676,0.3795
1529247300,0.3856,53.5,0.3186,72.3,0.0017,0.3303,0.2729,0.3969
1529247600,0.3719,52.0,0.3167,71.1,0.00108,0.3147,0.268,0.4174
1529247900,0.371,50.6,0.3131,64.9,0.00167,0.3102,0.2618,0.4279
1529248200,0.3837,50.7,0.3167,69.3,0.00102,0.3011,0.2485,0.4504
1529248500,0.3783,51.6,0.3164,75.3,0.00151,0.2905,0.243,0.4665
1529248800,0.3725,52.8,0.3177,64.4,0.00145,0.2811,0.2397,0.4792
1529249100,0.3797,53.5,0.3199,76.3,0.00105,0.2798,0.2357,0.4845
1529249400,0.3757,53.3,0.3223,71.3,0.00167,0.2761,0.2369,0.487
1529249700,0.3764,53.8,0.3227,65.3,0.00105,0.2763,0.2369,0.4868
1529250000,0.3828,53.4,0.3203,82.1,0.00139,0.2852,0.2386,0.4762
1529250300,0.3695,53.8,0.3148,69.9,0.00121,0.2816,0.2399,0.4785
1529250600,0.3969,55.7,0.3144,64.8,0.00137,0.2922,0.2314,0.4764
1529250900,0.4275,57.3,0.3168,83.8,0.00152,0.3004,0.2226,0.4771
1529251200,0.4308,58.3,0.3194,79.0,0.00185,0.298,0.2209,0.4811
1529251500,0.3989,56.8,0.3155,74.8,0.00158,0.2932,0.2319,0.4749
1529251800,0.4128,58.7,0.3163,74.5,0.00107,0.2951,0.2261,0.4787
1529252100,0.4242,61.2,0.317,70.0,0.00154,0.2966,0.2216,0.4817
1529252400,0.4339,62.4,0.3169,72.1,0.0013,0.2958,0.216,0.4882
1529252700,0.4499,62.8,0.3188,76.4,0.00183,0.2981,0.2112,0.4907
1529253000,0.4583,62.9,0.3214,73.7,0.00196,0.2982,0.2091,0.4927
1529253300,0.4611,62.1,0.324,86.2,0.00156,0.2994,0.2104,0.4903
1529253600,0.4603,62.0,0.3255,81.1,0.00116,0.2994,0.2117,0.4889
1529253900,0.4659,61.8,0.3298,82.0,0.00144,0.3,0.2123,0.4877
1529254200,0.4705,61.5,0.3344,82.5,0.00101,0.3009,0.2139,0.4852
1529254500,0.466,61.4,0.3341,76.0,0.00196,0.2995,0.2147,0.4858
1529254800,0.4565,62.0,0.3326,92.7,0.0016,0.295,0.215,0.49
1529255100,0.4414,62.0,0.3292,85.4,0.0021,0.2882,0.215,0.4968
1529255400,0.4518,62.6,0.3283,70.6,0.00127,0.2923,0.2124,0.4953
1529255700,0.452,63.0,0.3263,78.6,0.0011,0.2923,0.211,0.4966
1529256000,0.4573,62.6,0.3276,65.1,0.0012,0.2946,0.211,0.4944
1529256300,0.4459,62.7,0.327,79.4,0.00148,0.2915,0.2137,0.4948
1529256600,0.4402,62.6,0.3253,79.8,0.00111,0.2893,0.2138,0.4969
1529256900,0.4523,46.5,0.3008,71.8,0.00139,0.3897,0.2592,0.3511
1529257200,0.476,49.1,0.3066,86.4,0.00101,0.3728,0.2402,0.387
1529257500,0.4905,51.8,0.3156,89.9,0.00138,0.3614,0.2325,0.406
1529257800,0.4956,52.5,0.3315,84.5,0.00159,0.3436,0.2298,0.4266
1529258100,0.4966,52.6,0.3379,83.4,0.00148,0.3397,0.2311,0.4292
1529258400,0.508,53.1,0.3481,89.2,0.00151,0.3373,0.2311,0.4315
1529258700,0.498,53.1,0.3456,75.8,0.00107,0.3312,0.2299,0.4389
1529259000,0.5155,54.0,0.3506,90.0,0.00199,0.3345,0.2275,0.4379
1529259300,0.5252,54.2,0.35,82.2,0.00247,0.3373,0.2248,0.4379
1529259600,0.5124,53.4,0.3411,79.5,0.00155,0.3357,0.2235,0.4408
1529259900,0.5136,53.9,0.3483,74.7,0.00196,0.3338,0.2264,0.4399
1529260200,0.5203,53.8,0.3499,89.6,0.00185,0.3309,0.2226,0.4465
1529260500,0.5155,54.9,0.3486,84.7,0.00204,0.3364,0.2275,0.4362
1529260800,0.5084,54.9,0.3474,84.6,0.00131,0.3369,0.2302,0.4329
1529261100,0.4907,54.4,0.3359,76.9,0.0016,0.337,0.2307,0.4324
1529261400,0.4978,54.7,0.3414,71.9,0.00157,0.3356,0.2302,0.4342
1529261700,0.4734,54.8,0.3362,84.0,0.00105,0.3237,0.2299,0.4464
1529262000,0.4673,52.5,0.3368,76.5,0.00106,0.3229,0.2327,0.4444
1529262300,0.4626,51.3,0.3318,75.1,0.00148,0.3214,0.2305,0.4481
1529262600,0.4766,52.6,0.3326,74.5,0.00126,0.3278,0.2288,0.4434
1529262900,0.4846,50.5,0.3371,71.4,0.00161,0.3321,0.231,0.437
1529263200,0.4931,49.1,0.3361,70.7,0.00137,0.3382,0.2305,0.4313
1529263500,0.4746,48.9,0.3383,73.6,0.00182,0.3282,0.2339,0.4379
1529263800,0.4956,49.4,0.3478,79.7,0.00124,0.3335,0.2341,0.4324
1529264100,0.4946,49.8,0.342,82.3,0.00102,0.3347,0.2314,0.4339
1529264400,0.4782,49.4,0.3376,87.0,0.0012,0.3269,0.2308,0.4423
1529264700,0.4513,49.0,0.3384,78.0,0.00106,0.3125,0.2343,0.4531
1529265000,0.447,49.2,0.3396,75.2,0.00193,0.3092,0.2349,0.4559
1529265300,0.4567,49.3,0.3448,69.2,0.00119,0.3089,0.2332,0.4579
1529265600,0.4398,46.8,0.3428,74.6,0.00162,0.3042,0.2371,0.4587
1529265900,0.4121,45.7,0.3289,68.6,0.00174,0.2981,0.2379,0.464
1529266200,0.4291,42.9,0.3301,72.7,0.0015,0.3394,0.2611,0.3995
1529266500,0.4899,45.1,0.35,69.4,0.00148,0.3472,0.248,0.4048
1529266800,0.5008,46.5,0.3608,92.2,0.00104,0.3492,0.2516,0.3992
1529267100,0.499,47.6,0.3591,73.7,0.00133,0.3487,0.2509,0.4004
1529267400,0.4737,47.8,0.3453,77.2,0.0011,0.3471,0.253,0.3998
1529267700,0.4897,49.0,0.3552,77.1,0.00115,0.3459,0.2509,0.4032
1529268000,0.5063,47.3,0.3511,76.6,0.00142,0.3576,0.248,0.3944
1529268300,0.5193,46.9,0.353,83.4,0.0016,0.3644,0.2477,0.3878
1529268600,0.4933,46.7,0.3523,83.2,0.00118,0.3578,0.2555,0.3866
1529268900,0.4866,47.3,0.3561,84.0,0.00117,0.3562,0.2607,0.3831
1529269200,0.4831,47.7,0.3537,83.4,0.00231,0.3597,0.2633,0.377
1529269500,0.4729,47.4,0.353,73.2,0.00156,0.3577,0.267,0.3754
1529269800,0.4815,46.9,0.3516,71.5,0.00109,0.3607,0.2634,0.3759
1529270100,0.4903,47.3,0.351,79.0,0.00143,0.3663,0.2623,0.3714
1529270400,0.4825,47.6,0.3508,71.3,0.00118,0.3647,0.2651,0.3702
1529270700,0.4989,47.4,0.353,78.6,0.00126,0.3693,0.2613,0.3695
1529271000,0.4647,46.9,0.3382,78.7,0.00182,0.3644,0.2652,0.3703
1529271300,0.4737,47.0,0.3466,67.1,0.0022,0.3579,0.2619,0.3803
1529271600,0.4684,47.3,0.3487,81.2,0.00107,0.347,0.2583,0.3946
1529271900,0.4744,47.0,0.3473,79.1,0.0012,0.3473,0.2543,0.3984
1529272200,0.4803,47.1,0.3445,88.8,0.00115,0.3558,0.2552,0.389
1529272500,0.4787,46.7,0.3496,80.1,0.00127,0.3515,0.2567,0.3918
1529272800,0.4895,44.2,0.3385,84.0,0.00163,0.3754,0.2596,0.365
1529273100,0.5044,42.7,0.3338,81.1,0.00194,0.3895,0.2577,0.3528
1529273400,0.5055,42.3,0.3354,83.6,0.00145,0.3742,0.2483,0.3776
1529273700,0.5077,42.3,0.3415,84.1,0.00147,0.3641,0.2449,0.3909
1529274000,0.4902,42.3,0.3328,79.2,0.00116,0.3639,0.2471,0.389
1529274300,0.4955,42.4,0.3373,80.8,0.00134,0.3611,0.2458,0.393
1529274600,0.4823,44.0,0.3362,84.3,0.00112,0.3506,0.2444,0.4049
1529274900,0.4691,42.6,0.3202,71.0,0.00191,0.3607,0.2462,0.3931
1529275200,0.4799,41.1,0.3182,68.9,0.0011,0.3744,0.2483,0.3773
1529275500,0.4367,40.8,0.2921,65.1,0.0015,0.3716,0.2486,0.3798
1529275800,0.4845,42.5,0.3168,78.3,0.00108,0.3649,0.2386,0.3965
1529276100,0.5343,40.4,0.3398,80.3,0.00258,0.3904,0.2483,0.3613
1529276400,0.5342,40.7,0.3393,80.9,0.00246,0.4046,0.257,0.3384
1529276700,0.4971,39.4,0.3116,76.0,0.00129,0.4108,0.2575,0.3317
1529277000,0.5174,39.8,0.3281,84.3,0.00193,0.4024,0.2551,0.3425
1529277300,0.5092,39.6,0.3336,74.2,0.00194,0.3919,0.2567,0.3514
1529277600,0.494,39.4,0.3377,77.4,0.0012,0.3797,0.2596,0.3607
1529277900,0.4792,39.0,0.3342,77.4,0.00138,0.3723,0.2596,0.3681
1529278200,0.4838,37.4,0.3323,78.3,0.00135,0.3769,0.2589,0.3642
1529278500,0.4779,37.6,0.3341,78.5,0.00107,0.3648,0.255,0.3802
1529278800,0.4771,37.4,0.3317,76.5,0.00127,0.3651,0.2538,0.3811
1529279100,0.469,37.0,0.3305,87.5,0.00111,0.3666,0.2583,0.3751
1529279400,0.4696,38.7,0.3324,73.6,0.00136,0.3535,0.2502,0.3963
1529279700,0.4862,39.8,0.3333,71.7,0.00102,0.3533,0.2422,0.4045
1529280000,0.472,40.8,0.3308,74.5,0.00135,0.3409,0.2389,0.4202
1529280300,0.4911,41.6,0.3431,79.3,0.00151,0.3353,0.2342,0.4305
1529280600,0.4617,40.7,0.3295,81.8,0.00106,0.3287,0.2346,0.4368
1529280900,0.4667,40.2,0.3366,75.1,0.00122,0.3281,0.2366,0.4352
1529281200,0.4673,38.5,0.3355,72.7,0.00122,0.3298,0.2368,0.4334
1529281500,0.464,38.1,0.3355,82.7,0.00144,0.3329,0.2407,0.4264
1529281800,0.4605,38.4,0.3361,79.2,0.00137,0.3328,0.2429,0.4242
1529282100,0.4785,39.4,0.3429,79.9,0.00146,0.3339,0.2393,0.4268
1529282400,0.4691,38.6,0.3336,78.7,0.00106,0.3419,0.2431,0.415
1529282700,0.4498,37.4,0.3234,77.7,0.00185,0.3366,0.242,0.4213
1529283000,0.4705,39.1,0.3369,74.7,0.00183,0.331,0.237,0.432
1529283300,0.4635,40.9,0.3416,70.1,0.00168,0.3194,0.2354,0.4451
1529283600,0.4702,42.1,0.3458,85.4,0.00157,0.3199,0.2353,0.4449
1529283900,0.4676,40.2,0.345,76.2,0.00103,0.3198,0.236,0.4442
1529284200,0.4588,41.1,0.3399,66.5,0.00161,0.3174,0.2351,0.4475
1529284500,0.4536,40.6,0.3345,74.4,0.0012,0.3191,0.2353,0.4456
1529284800,0.4623,39.9,0.3355,78.9,0.00168,0.3236,0.2349,0.4415
1529285100,0.4609,38.8,0.3296,78.8,0.00107,0.331,0.2367,0.4324
1529285400,0.4575,39.6,0.3268,68.4,0.0013,0.3321,0.2372,0.4306
1529285700,0.467,38.8,0.3271,75.9,0.00102,0.3282,0.2299,0.4419
1529286000,0.4638,38.4,0.3249,74.7,0.00186,0.3233,0.2264,0.4503
1529286300,0.4488,39.6,0.3185,73.7,0.00114,0.3299,0.2341,0.4359
1529286600,0.4542,41.2,0.3251,79.8,0.00129,0.3189,0.2283,0.4529
1529286900,0.4686,43.1,0.3266,80.0,0.00112,0.3203,0.2232,0.4564
1529287200,0.4705,46.2,0.3243,86.5,0.0016,0.3237,0.2231,0.4532
1529287500,0.4649,47.2,0.3275,79.5,0.00191,0.3146,0.2216,0.4638
1529287800,0.455,46.4,0.3281,84.8,0.0012,0.3058,0.2205,0.4737
1529288100,0.4574,47.0,0.3304,79.0,0.00132,0.3073,0.222,0.4707
1529288400,0.4721,48.4,0.3328,73.1,0.00127,0.3121,0.22,0.4678
1529288700,0.4852,49.8,0.335,81.8,0.0011,0.3148,0.2173,0.4679
1529289000,0.4959,48.7,0.3391,93.8,0.00179,0.3167,0.2165,0.4668
1529289300,0.4507,39.0,0.32,76.9,0.00129,0.3448,0.2448,0.4103
1529289600,0.443,40.9,0.3227,76.5,0.00108,0.3309,0.2411,0.428
1529289900,0.444,41.8,0.3277,81.1,0.00147,0.3217,0.2374,0.4409
1529290200,0.4398,41.7,0.3313,62.2,0.00136,0.315,0.2373,0.4478
1529290500,0.431,40.3,0.3293,69.7,0.00158,0.3108,0.2374,0.4518
1529290800,0.4309,33.6,0.3086,71.5,0.00126,0.3949,0.2828,0.3222
1529291100,0.4378,36.4,0.318,68.7,0.00132,0.3686,0.2677,0.3637
1529291400,0.434,34.6,0.3157,76.0,0.0012,0.3598,0.2617,0.3785
1529291700,0.4395,37.0,0.3169,78.0,0.00203,0.3533,0.2548,0.3919
1529292000,0.4187,33.0,0.3128,75.4,0.00148,0.3412,0.2549,0.4039
1529292300,0.4275,33.4,0.3156,74.0,0.00167,0.3382,0.2497,0.4122
1529292600,0.4323,32.3,0.3184,81.6,0.00131,0.3408,0.251,0.4082
1529292900,0.4319,34.1,0.3202,76.5,0.00127,0.3337,0.2474,0.419
1529293200,0.4373,36.5,0.3235,74.2,0.00134,0.3283,0.2429,0.4289
1529293500,0.4333,38.8,0.3247,76.7,0.00125,0.3205,0.2402,0.4394
1529293800,0.4485,40.9,0.3265,78.4,0.00163,0.3226,0.2349,0.4425
1529294100,0.4483,42.5,0.3279,74.2,0.0011,0.3186,0.2331,0.4483
1529294400,0.4442,43.8,0.3288,78.4,0.00126,0.3153,0.2334,0.4514
1529294700,0.4479,45.1,0.3293,74.7,0.00185,0.3138,0.2307,0.4555
1529295000,0.4469,47.2,0.3296,83.1,0.00146,0.3109,0.2293,0.4598
1529295300,0.4352,47.4,0.3277,78.4,0.00111,0.303,0.2282,0.4689
1529295600,0.4407,48.1,0.3287,71.3,0.00132,0.303,0.226,0.471
1529295900,0.4299,48.9,0.3277,75.7,0.00186,0.2957,0.2254,0.4789
1529296200,0.4364,49.4,0.3292,73.7,0.00129,0.2962,0.2235,0.4803
1529296500,0.4005,50.9,0.325,73.4,0.00113,0.277,0.2248,0.4982
1529296800,0.4008,50.1,0.3196,75.0,0.00154,0.2758,0.2199,0.5044
1529297100,0.4932,53.3,0.3331,79.9,0.00153,0.3076,0.2077,0.4847
1529297400,0.5245,55.7,0.3476,84.3,0.00245,0.3191,0.2115,0.4694
1529297700,0.5146,54.5,0.3454,77.9,0.0015,0.3297,0.2213,0.449
1529298000,0.4973,50.4,0.3401,80.8,0.00125,0.3404,0.2328,0.4267
1529298300,0.4962,46.0,0.3388,84.2,0.00104,0.3546,0.2421,0.4033
1529298600,0.4896,45.6,0.3397,84.3,0.0013,0.3551,0.2464,0.3986
1529298900,0.4814,45.1,0.3398,84.8,0.00156,0.3531,0.2493,0.3976
1529299200,0.474,45.0,0.3388,75.4,0.00117,0.3509,0.2508,0.3982
1529299500,0.4708,44.3,0.3378,82.4,0.00154,0.3494,0.2507,0.3999
1529299800,0.4598,38.1,0.3354,77.1,0.00128,0.355,0.2589,0.3861
1529300100,0.4552,38.4,0.3355,71.0,0.00228,0.351,0.2587,0.3903
1529300400,0.4565,38.7,0.3361,69.1,0.00159,0.3511,0.2585,0.3905
1529300700,0.4593,38.5,0.3367,74.9,0.0012,0.3528,0.2586,0.3886
1529301000,0.4551,37.8,0.3353,78.3,0.00149,0.3523,0.2596,0.3881
1529301300,0.4518,38.4,0.3345,73.4,0.00208,0.3503,0.2593,0.3904
1529301600,0.4472,38.2,0.3298,75.1,0.0011,0.352,0.2596,0.3884
1529301900,0.457,39.8,0.3317,78.4,0.00126,0.3528,0.2561,0.3911
1529302200,0.465,40.9,0.3336,73.3,0.00122,0.3544,0.2543,0.3913
1529302500,0.4737,41.7,0.3324,71.9,0.00171,0.3593,0.2521,0.3885
1529302800,0.4634,41.8,0.3303,88.5,0.00116,0.3532,0.2517,0.3951
1529303100,0.4801,43.2,0.3318,76.6,0.00128,0.3578,0.2473,0.3949
1529303400,0.4765,44.0,0.3323,69.3,0.00127,0.3529,0.2461,0.401
1529303700,0.4794,44.9,0.3332,73.0,0.00137,0.3505,0.2436,0.4058
1529304000,0.4824,45.4,0.3345,76.6,0.00104,0.3485,0.2417,0.4098
1529304300,0.4818,45.9,0.3342,71.9,0.0015,0.3473,0.2409,0.4119
1529304600,0.4724,46.0,0.3339,73.5,0.00278,0.3408,0.2409,0.4182
1529304900,0.4749,46.4,0.3343,73.2,0.00125,0.3409,0.24,0.4191
1529305200,0.4787,46.0,0.3349,78.1,0.0012,0.3434,0.2402,0.4164
1529305500,0.4825,45.5,0.3359,83.9,0.0021,0.3452,0.2403,0.4145
1529305800,0.4811,44.7,0.3353,76.4,0.00144,0.3478,0.2424,0.4098
1529306100,0.4742,44.9,0.3347,75.6,0.00127,0.3457,0.244,0.4104
1529306400,0.4766,45.1,0.3349,72.1,0.00141,0.3463,0.2434,0.4103
1529306700,0.4759,45.1,0.335,77.1,0.00104,0.3461,0.2437,0.4102
1529307000,0.4722,45.1,0.3342,71.3,0.00161,0.3431,0.2429,0.414
1529307300,0.4789,45.2,0.3345,72.4,0.00113,0.3455,0.2413,0.4132
1529307600,0.4715,45.4,0.3341,77.3,0.00104,0.3416,0.242,0.4164
1529307900,0.4673,45.2,0.3331,65.4,0.00126,0.3411,0.2431,0.4158
1529308200,0.4708,45.6,0.3331,67.3,0.00137,0.3439,0.2433,0.4127
1529308500,0.4714,46.0,0.3335,77.0,0.00162,0.3415,0.2416,0.417
1529308800,0.4593,46.6,0.333,78.1,0.0022,0.3344,0.2424,0.4232
1529309100,0.4622,46.6,0.3311,78.7,0.00117,0.336,0.2407,0.4233
1529309400,0.4631,47.4,0.3324,82.6,0.00134,0.3335,0.2394,0.4271
1529309700,0.4681,47.8,0.3314,77.9,0.0011,0.3355,0.2376,0.4269
1529310000,0.4693,48.4,0.3318,80.1,0.00112,0.3342,0.2363,0.4296
1529310300,0.4787,48.5,0.3319,71.4,0.00151,0.3415,0.2368,0.4217
1529310600,0.4753,48.9,0.3332,78.6,0.00112,0.3409,0.239,0.4202
1529310900,0.4714,49.3,0.333,77.3,0.00136,0.3397,0.24,0.4204
1529311200,0.4619,49.2,0.3307,74.9,0.001,0.3366,0.241,0.4224
1529311500,0.4633,48.4,0.3283,74.9,0.00105,0.3404,0.2412,0.4183
1529311800,0.4815,49.2,0.331,90.1,0.00141,0.3469,0.2384,0.4147
1529312100,0.4893,49.7,0.3334,83.6,0.0013,0.3453,0.2353,0.4194
1529312400,0.4925,50.6,0.3365,77.6,0.00112,0.3445,0.2354,0.4201
1529312700,0.4894,49.6,0.3363,83.8,0.00126,0.3468,0.2383,0.4149
1529313000,0.4747,47.8,0.3343,76.2,0.00165,0.3477,0.2448,0.4075
1529313300,0.4614,47.2,0.3336,76.3,0.0016,0.3452,0.2496,0.4053
1529313600,0.4444,46.7,0.334,74.4,0.00162,0.335,0.2518,0.4132
1529313900,0.4352,44.9,0.331,77.8,0.00144,0.3337,0.2538,0.4125
1529314200,0.4312,44.8,0.3306,75.5,0.00138,0.3277,0.2513,0.421
1529314500,0.4366,43.3,0.3317,80.9,0.00133,0.3294,0.2503,0.4203
1529314800,0.4405,45.0,0.3311,70.5,0.00139,0.3295,0.2477,0.4228
1529315100,0.4428,44.9,0.331,82.0,0.00136,0.3297,0.2465,0.4238
1529315400,0.4357,46.1,0.3308,85.2,0.00147,0.3243,0.2462,0.4294
1529315700,0.4341,46.5,0.329,73.3,0.00105,0.3222,0.2442,0.4337
1529316000,0.4415,47.9,0.3304,75.1,0.00121,0.3216,0.2407,0.4377
1529316300,0.4365,48.9,0.3286,71.7,0.00137,0.32,0.2409,0.439
1529316600,0.4372,48.9,0.3284,70.1,0.00174,0.3185,0.2393,0.4422
1529316900,0.4431,49.8,0.3288,74.8,0.00154,0.3192,0.2368,0.444
1529317200,0.4561,50.4,0.3303,80.1,0.00107,0.3233,0.2341,0.4426
1529317500,0.4659,51.3,0.3324,79.4,0.00103,0.3269,0.2333,0.4398
1529317800,0.4591,51.9,0.333,85.1,0.00138,0.3233,0.2345,0.4422
1529318100,0.4655,51.8,0.3332,77.0,0.0013,0.3275,0.2344,0.4381
1529318400,0.4705,51.4,0.3333,84.5,0.00147,0.3335,0.2363,0.4302
1529318700,0.4608,51.2,0.3295,82.5,0.00145,0.3309,0.2366,0.4326
1529319000,0.4644,52.4,0.3286,80.1,0.00131,0.3321,0.235,0.4329
1529319300,0.4628,53.2,0.3281,88.2,0.00231,0.3292,0.2334,0.4375
1529319600,0.4585,53.1,0.3287,68.1,0.00202,0.3254,0.2333,0.4413
1529319900,0.4517,52.8,0.3289,74.3,0.00127,0.3203,0.2332,0.4464
1529320200,0.451,52.0,0.3301,81.8,0.00121,0.3177,0.2325,0.4498
1529320500,0.4631,51.8,0.3324,80.6,0.00126,0.3212,0.2306,0.4482
1529320800,0.4643,52.1,0.3365,68.0,0.00119,0.3151,0.2284,0.4565
1529321100,0.4732,51.0,0.3397,83.0,0.00127,0.3227,0.2317,0.4456
1529321400,0.4709,50.5,0.3369,73.1,0.00152,0.3278,0.2345,0.4377
1529321700,0.4522,46.2,0.3261,82.8,0.00133,0.3455,0.2492,0.4053
1529322000,0.4511,46.5,0.3258,76.5,0.00191,0.3447,0.2489,0.4064
1529322300,0.4577,48.1,0.3273,71.1,0.00154,0.3434,0.2456,0.411
1529322600,0.4515,46.1,0.3066,76.0,0.00152,0.4347,0.2952,0.27
1529322900,0.4567,48.6,0.3143,74.9,0.00189,0.4185,0.288,0.2935
1529323200,0.4771,49.4,0.3208,81.8,0.00201,0.4124,0.2773,0.3102
1529323500,0.483,49.9,0.3252,82.5,0.00167,0.405,0.2727,0.3223
1529323800,0.4914,49.8,0.3292,75.3,0.0014,0.402,0.2693,0.3286
1529324100,0.4958,50.2,0.3351,81.8,0.0015,0.3995,0.27,0.3305
1529324400,0.4909,50.2,0.334,75.6,0.00118,0.3972,0.2702,0.3326
1529324700,0.4898,51.2,0.3308,82.1,0.00119,0.3955,0.2671,0.3374
1529325000,0.4868,52.0,0.3341,83.6,0.0011,0.3892,0.2671,0.3436
1529325300,0.5073,51.5,0.335,83.3,0.00139,0.3951,0.2609,0.3439
1529325600,0.5226,52.5,0.3398,79.6,0.00243,0.4007,0.2606,0.3387
1529325900,0.5137,51.4,0.3395,83.4,0.00217,0.4021,0.2658,0.3321
1529326200,0.503,52.1,0.335,83.3,0.00211,0.4018,0.2676,0.3307
1529326500,0.5056,52.7,0.3342,79.9,0.00122,0.4015,0.2654,0.3332
1529326800,0.5035,53.4,0.3365,77.7,0.00136,0.3984,0.2662,0.3354
1529327100,0.4918,53.2,0.3364,77.0,0.00179,0.3927,0.2686,0.3387
1529327400,0.4967,52.3,0.3352,81.7,0.00126,0.3946,0.2663,0.3392
1529327700,0.4939,52.3,0.3349,78.7,0.00105,0.3897,0.2643,0.346
1529328000,0.5058,51.2,0.3383,76.5,0.00161,0.3935,0.2632,0.3434
1529328300,0.5153,50.5,0.341,81.4,0.00227,0.4022,0.2662,0.3316
1529328600,0.5222,49.5,0.3427,90.4,0.00212,0.4152,0.2725,0.3123
1529328900,0.4878,47.1,0.3281,73.4,0.00116,0.423,0.2845,0.2924
1529329200,0.487,48.6,0.3268,80.6,0.00109,0.4188,0.281,0.3002
1529329500,0.488,48.6,0.3298,69.1,0.0016,0.4086,0.2761,0.3153
1529329800,0.4933,48.9,0.3349,82.5,0.0015,0.4023,0.2731,0.3247
1529330100,0.4968,48.7,0.3354,81.0,0.00111,0.3992,0.2695,0.3314
1529330400,0.495,49.4,0.3358,79.8,0.00147,0.3968,0.2692,0.334
1529330700,0.5053,50.2,0.3414,86.2,0.00135,0.3958,0.2674,0.3368
1529331000,0.5061,50.4,0.3429,78.8,0.00171,0.3957,0.2681,0.3363
1529331300,0.5077,50.6,0.3409,76.3,0.0014,0.3973,0.2668,0.336
1529331600,0.504,51.2,0.3384,75.8,0.00135,0.3964,0.2661,0.3375
1529331900,0.4624,50.3,0.3345,76.3,0.00169,0.3685,0.2666,0.3649
1529332200,0.4466,48.7,0.3423,80.6,0.00142,0.3455,0.2648,0.3898
1529332500,0.4642,48.0,0.3421,67.2,0.00111,0.3527,0.2599,0.3873
1529332800,0.4546,48.1,0.3391,79.4,0.00104,0.3501,0.2612,0.3887
1529333100,0.4216,48.9,0.3335,71.0,0.00138,0.3344,0.2646,0.401
1529333400,0.4141,48.1,0.3299,70.0,0.00128,0.3238,0.258,0.4182
1529333700,0.4083,48.3,0.3269,74.5,0.00107,0.318,0.2546,0.4274
1529334000,0.4067,48.8,0.3298,72.5,0.00107,0.3073,0.2492,0.4436
1529334300,0.4004,49.3,0.3288,68.7,0.00154,0.3019,0.2479,0.4502
1529334600,0.4135,49.8,0.3333,71.3,0.00139,0.298,0.2402,0.4617
1529334900,0.403,51.3,0.3332,66.6,0.00131,0.293,0.2423,0.4647
1529335200,0.393,50.7,0.3285,71.5,0.00195,0.2903,0.2426,0.4671
1529335500,0.4041,50.6,0.3353,70.5,0.00121,0.2831,0.2349,0.482
1529335800,0.4297,50.7,0.3464,83.8,0.00102,0.287,0.2314,0.4816
1529336100,0.4386,51.1,0.3484,75.9,0.00105,0.2863,0.2275,0.4862
1529336400,0.451,51.9,0.3531,68.8,0.00128,0.2874,0.225,0.4876
1529336700,0.4479,52.1,0.3527,74.6,0.00163,0.2854,0.2248,0.4898
1529337000,0.4318,50.9,0.3402,71.3,0.0011,0.2911,0.2294,0.4795
1529337300,0.4413,50.4,0.3487,81.7,0.00127,0.2851,0.2253,0.4896
1529337600,0.4478,50.6,0.3474,73.5,0.00179,0.2904,0.2253,0.4844
1529337900,0.4372,50.7,0.3467,75.4,0.00122,0.2832,0.2245,0.4923
1529338200,0.429,50.3,0.3463,75.5,0.00117,0.2775,0.224,0.4984
1529338500,0.4463,50.5,0.3548,77.8,0.00132,0.2811,0.2235,0.4954
1529338800,0.4458,49.8,0.3501,73.3,0.00157,0.2827,0.222,0.4953
1529339100,0.4685,35.4,0.334,78.3,0.00138,0.3801,0.271,0.3489
1529339400,0.5111,38.4,0.3645,80.4,0.00142,0.3584,0.2556,0.386
1529339700,0.537,40.4,0.3725,81.1,0.00215,0.3574,0.2479,0.3947
1529340000,0.5275,41.6,0.377,82.8,0.00213,0.3491,0.2495,0.4014
1529340300,0.5428,42.0,0.3884,88.5,0.00255,0.3503,0.2506,0.3991
1529340600,0.5414,42.7,0.3846,79.2,0.00226,0.3498,0.2485,0.4017
1529340900,0.5345,42.9,0.378,82.0,0.00259,0.3497,0.2473,0.4031
1529341200,0.5252,42.9,0.3814,86.3,0.00189,0.3447,0.2503,0.405
1529341500,0.5227,42.8,0.3808,81.8,0.0021,0.3426,0.2496,0.4078
1529341800,0.5081,42.2,0.3824,85.7,0.00158,0.3405,0.2563,0.4032
1529342100,0.506,42.7,0.3811,87.8,0.00148,0.3371,0.2539,0.4089
1529342400,0.5226,42.9,0.3822,89.9,0.00214,0.3403,0.2489,0.4108
1529342700,0.534,41.5,0.3807,83.9,0.00257,0.3491,0.2489,0.402
1529343000,0.553,42.7,0.3825,82.5,0.00294,0.3532,0.2443,0.4024
1529343300,0.5793,43.4,0.3847,92.6,0.00346,0.3597,0.2389,0.4015
1529343600,0.576,44.0,0.3813,93.4,0.00366,0.3611,0.2391,0.3998
1529343900,0.5679,42.0,0.384,85.1,0.00332,0.3574,0.2416,0.401
1529344200,0.5483,42.2,0.3803,85.7,0.00299,0.352,0.2441,0.4039
1529344500,0.5418,41.5,0.3794,98.0,0.0026,0.3553,0.2488,0.3959
1529344800,0.5469,41.5,0.3821,86.2,0.00282,0.3565,0.2491,0.3944
1529345100,0.5378,41.0,0.3812,79.1,0.00337,0.3534,0.2505,0.3961
1529345400,0.5304,41.6,0.3758,78.6,0.00207,0.3505,0.2483,0.4012
1529345700,0.5412,42.2,0.3806,85.8,0.00315,0.3513,0.2471,0.4016
1529346000,0.5161,42.9,0.3628,80.4,0.00205,0.3532,0.2483,0.3985
1529346300,0.5342,44.2,0.3683,81.2,0.00272,0.3544,0.2443,0.4013
1529346600,0.5306,45.0,0.3643,78.1,0.00219,0.3492,0.2398,0.411
1529346900,0.555,45.4,0.3728,92.4,0.00316,0.3537,0.2376,0.4087
1529347200,0.5432,45.9,0.3729,95.5,0.00235,0.3513,0.2411,0.4076
1529347500,0.5285,46.8,0.3734,83.2,0.00245,0.35,0.2473,0.4027
1529347800,0.5188,46.8,0.3739,83.5,0.00165,0.348,0.2508,0.4011
1529348100,0.5064,45.8,0.3745,76.0,0.00179,0.3417,0.2527,0.4056
1529348400,0.4914,45.3,0.3674,86.1,0.0011,0.3348,0.2503,0.4149
1529348700,0.5011,45.2,0.3736,82.5,0.00187,0.3357,0.2503,0.4141
1529349000,0.5206,45.0,0.3747,86.7,0.00171,0.3413,0.2457,0.413
1529349300,0.5113,45.5,0.3757,78.9,0.00142,0.3349,0.2461,0.419
1529349600,0.5599,46.1,0.3922,85.6,0.00296,0.3502,0.2453,0.4045
1529349900,0.562,46.6,0.3865,76.8,0.00368,0.3584,0.2465,0.3951
1529350200,0.5568,44.9,0.3835,76.6,0.00304,0.357,0.2459,0.3971
1529350500,0.5635,44.2,0.3824,93.0,0.00367,0.3568,0.2421,0.4011
1529350800,0.5359,43.6,0.3744,92.4,0.00254,0.3512,0.2454,0.4035
1529351100,0.5549,43.0,0.3814,76.3,0.00336,0.3571,0.2454,0.3975
1529351400,0.547,42.1,0.381,86.9,0.00241,0.359,0.25,0.391
1529351700,0.5335,42.1,0.375,84.3,0.00239,0.3532,0.2482,0.3986
1529352000,0.5223,42.2,0.3721,83.7,0.0026,0.3462,0.2467,0.4071
1529352300,0.5289,42.4,0.3774,81.5,0.0019,0.3453,0.2464,0.4083
1529352600,0.5488,42.6,0.3828,81.2,0.00274,0.3542,0.2471,0.3987
1529352900,0.5393,42.1,0.3786,87.5,0.00234,0.3577,0.2511,0.3912
1529353200,0.5114,41.3,0.3645,79.6,0.0014,0.355,0.253,0.392
1529353500,0.5334,41.3,0.3765,83.9,0.00223,0.3595,0.2537,0.3868
1529353800,0.5498,42.1,0.3773,84.6,0.00306,0.3624,0.2487,0.3889
1529354100,0.5553,42.3,0.3754,85.8,0.00304,0.3633,0.2456,0.391
1529354400,0.5582,40.4,0.3746,82.2,0.00312,0.3739,0.2509,0.3752
1529354700,0.5768,40.7,0.3771,89.5,0.00389,0.3857,0.2522,0.3621
1529355000,0.5692,41.6,0.3771,83.2,0.00421,0.3801,0.2518,0.368
1529355300,0.5819,41.8,0.3809,86.5,0.00375,0.3828,0.2506,0.3667
1529355600,0.5719,42.8,0.3743,80.5,0.00365,0.3844,0.2516,0.3641
1529355900,0.5576,44.0,0.3718,88.7,0.00335,0.3744,0.2497,0.3759
1529356200,0.5572,44.7,0.3667,88.5,0.00297,0.378,0.2488,0.3732
1529356500,0.5612,45.0,0.3721,82.3,0.00295,0.3762,0.2494,0.3744
1529356800,0.5516,44.9,0.3679,80.1,0.00312,0.3758,0.2506,0.3736
1529357100,0.5424,45.1,0.3684,80.6,0.00259,0.3721,0.2527,0.3752
1529357400,0.5438,45.6,0.3715,82.5,0.00256,0.3699,0.2527,0.3774
1529357700,0.5234,45.7,0.366,74.8,0.00189,0.3611,0.2525,0.3864
1529358000,0.5351,43.0,0.3697,85.4,0.00207,0.3656,0.2526,0.3818
1529358300,0.5299,43.6,0.3679,79.0,0.00239,0.3611,0.2507,0.3883
1529358600,0.5375,43.4,0.3755,82.4,0.00229,0.3628,0.2534,0.3838
1529358900,0.5476,44.1,0.3893,75.2,0.00245,0.3676,0.2613,0.3711
1529359200,0.5498,43.2,0.3853,85.5,0.0025,0.3705,0.2596,0.3699
1529359500,0.5679,42.7,0.3873,82.3,0.00311,0.3789,0.2584,0.3628
1529359800,0.5748,42.3,0.3867,81.2,0.00368,0.3812,0.2564,0.3624
1529360100,0.5393,41.1,0.3839,88.5,0.00303,0.3674,0.2615,0.3711
1529360400,0.5317,40.7,0.3724,84.8,0.00218,0.3681,0.2578,0.374
1529360700,0.5186,40.6,0.3652,69.3,0.00194,0.3637,0.2561,0.3801
1529361000,0.5128,41.3,0.3694,78.0,0.00217,0.3519,0.2535,0.3945
1529361300,0.5252,40.9,0.3783,75.2,0.00204,0.3556,0.2562,0.3882
1529361600,0.5469,41.6,0.3825,86.9,0.00341,0.3605,0.2522,0.3873
1529361900,0.5389,42.2,0.3734,77.9,0.00228,0.36,0.2495,0.3905
1529362200,0.5482,42.5,0.3816,77.7,0.00348,0.3633,0.2529,0.3839
1529362500,0.5597,42.6,0.3822,87.1,0.0031,0.3691,0.2521,0.3788
1529362800,0.5523,42.4,0.3815,82.1,0.00262,0.3722,0.2571,0.3707
1529363100,0.5312,41.0,0.3758,80.9,0.00238,0.3681,0.2604,0.3715
1529363400,0.5351,40.5,0.3804,78.6,0.00266,0.3689,0.2623,0.3688
1529363700,0.5329,40.2,0.3787,84.1,0.00202,0.3711,0.2637,0.3652
1529364000,0.5238,40.0,0.3754,96.3,0.00228,0.3634,0.2604,0.3762
1529364300,0.5254,40.2,0.3778,78.5,0.00188,0.36,0.2589,0.3811
1529364600,0.5175,40.1,0.3692,64.2,0.00222,0.3593,0.2563,0.3844
1529364900,0.5331,40.1,0.3765,83.8,0.00279,0.363,0.2564,0.3807
1529365200,0.5297,40.6,0.373,75.6,0.0019,0.3623,0.2551,0.3826
1529365500,0.5392,41.3,0.3747,82.2,0.00237,0.3668,0.2549,0.3784
1529365800,0.5484,41.9,0.3773,73.0,0.00329,0.376,0.2587,0.3654
1529366100,0.5442,42.7,0.3822,90.9,0.00287,0.3745,0.263,0.3625
1529366400,0.5428,42.8,0.3781,92.0,0.00296,0.3762,0.262,0.3618
1529366700,0.5439,42.4,0.3848,88.0,0.00286,0.3751,0.2654,0.3595
1529367000,0.5444,41.2,0.3811,83.2,0.00261,0.3776,0.2643,0.3581
1529367300,0.539,40.2,0.3757,81.6,0.00251,0.3786,0.2639,0.3576
1529367600,0.5476,40.2,0.3778,86.0,0.00254,0.3777,0.2606,0.3617
1529367900,0.5481,40.5,0.3791,77.7,0.00244,0.3742,0.2588,0.367
1529368200,0.5421,40.4,0.3781,88.1,0.00237,0.3692,0.2575,0.3732
1529368500,0.549,39.7,0.3753,81.7,0.00275,0.3796,0.2595,0.3609
1529368800,0.5189,38.9,0.3549,82.1,0.0017,0.3988,0.2727,0.3285
1529369100,0.5134,39.1,0.3514,84.7,0.00207,0.3946,0.2701,0.3353
1529369400,0.5091,40.1,0.3464,83.2,0.00157,0.3982,0.271,0.3308
1529369700,0.4991,43.2,0.3453,81.5,0.00114,0.389,0.2691,0.3419
1529370000,0.4839,43.5,0.3341,81.4,0.00126,0.3883,0.2681,0.3436
1529370300,0.4572,44.7,0.3374,84.9,0.0015,0.3653,0.2696,0.3651
1529370600,0.463,45.6,0.3454,73.3,0.00178,0.3599,0.2685,0.3715
1529370900,0.4473,46.4,0.3429,75.3,0.00128,0.3602,0.2761,0.3637
1529371200,0.448,46.8,0.3565,76.3,0.00112,0.3498,0.2784,0.3718
1529371500,0.4309,46.9,0.3482,80.1,0.00113,0.3381,0.2732,0.3888
1529371800,0.4452,46.6,0.3608,76.8,0.0014,0.3402,0.2757,0.3841
1529372100,0.4502,48.5,0.3638,76.9,0.00112,0.3359,0.2714,0.3927
1529372400,0.4594,47.8,0.3673,85.1,0.00113,0.3348,0.2677,0.3976
1529372700,0.5015,48.2,0.3628,78.8,0.00155,0.3556,0.2573,0.3871
1529373000,0.5109,48.6,0.3548,84.9,0.00165,0.3646,0.2532,0.3822
1529373300,0.5073,48.9,0.3503,81.8,0.00187,0.3646,0.2517,0.3837
1529373600,0.4992,48.1,0.3501,72.4,0.00109,0.3701,0.2596,0.3703
1529373900,0.5211,47.8,0.3613,74.1,0.00184,0.374,0.2593,0.3667
1529374200,0.5008,47.3,0.3561,77.9,0.00172,0.3644,0.2591,0.3765
1529374500,0.4725,44.8,0.345,77.0,0.00152,0.3555,0.2596,0.3849
1529374800,0.4772,44.6,0.3469,77.9,0.00172,0.3531,0.2567,0.3903
1529375100,0.4824,43.6,0.3456,73.7,0.00131,0.3656,0.2619,0.3725
1529375400,0.4983,45.1,0.3556,88.6,0.00105,0.3678,0.2625,0.3697
1529375700,0.4729,44.2,0.3388,75.2,0.00148,0.3717,0.2663,0.3619
1529376000,0.4158,38.7,0.2918,78.8,0.00127,0.4345,0.3049,0.2606
1529376300,0.4282,42.3,0.2978,72.2,0.00113,0.4209,0.2927,0.2864
1529376600,0.4375,45.7,0.3069,83.1,0.00125,0.3948,0.2769,0.3283
1529376900,0.4462,47.4,0.3147,73.5,0.00114,0.3815,0.2691,0.3494
1529377200,0.4648,49.1,0.3251,76.7,0.00113,0.3784,0.2647,0.3569
1529377500,0.4605,49.0,0.3221,68.0,0.00152,0.3744,0.2619,0.3637
1529377800,0.4634,47.8,0.3267,76.6,0.00125,0.3779,0.2664,0.3557
1529378100,0.4645,47.2,0.3258,73.9,0.00114,0.3804,0.2668,0.3528
1529378400,0.4535,47.9,0.3257,75.1,0.00114,0.3751,0.2694,0.3556
1529378700,0.4407,47.4,0.3206,72.8,0.00119,0.3701,0.2692,0.3607
1529379000,0.4454,47.7,0.3232,81.4,0.00123,0.3674,0.2666,0.3659
1529379300,0.4658,47.7,0.3287,77.9,0.0017,0.3714,0.2621,0.3665
1529379600,0.4436,47.9,0.3279,70.1,0.00118,0.3591,0.2655,0.3754
1529379900,0.4439,47.3,0.3282,69.1,0.00137,0.3603,0.2664,0.3732
1529380200,0.4398,46.8,0.3262,77.1,0.00123,0.3577,0.2653,0.377
1529380500,0.4404,45.9,0.3266,67.1,0.00104,0.36,0.267,0.3731
1529380800,0.4482,45.4,0.3264,80.0,0.00106,0.3654,0.2661,0.3686
1529381100,0.4275,45.4,0.3273,78.9,0.00125,0.3547,0.2715,0.3738
1529381400,0.4325,45.8,0.3241,72.2,0.00102,0.3565,0.2671,0.3764
1529381700,0.4517,46.7,0.3277,76.2,0.00123,0.3656,0.2653,0.3691
1529382000,0.45,47.4,0.3271,71.3,0.00127,0.3651,0.2654,0.3695
1529382300,0.4496,46.9,0.3245,66.9,0.00208,0.3664,0.2644,0.3692
1529382600,0.4865,48.9,0.3232,81.5,0.0018,0.3885,0.2581,0.3534
1529382900,0.5008,52.7,0.332,78.6,0.00107,0.3938,0.2611,0.3451
1529383200,0.492,54.0,0.3316,80.3,0.00154,0.3934,0.2652,0.3414
1529383500,0.4858,52.7,0.3274,71.2,0.00106,0.4037,0.272,0.3243
1529383800,0.4799,52.2,0.3235,78.7,0.00174,0.4089,0.2757,0.3154
1529384100,0.4797,53.6,0.3226,81.0,0.00201,0.4075,0.2741,0.3184
1529384400,0.4733,54.0,0.3252,79.5,0.00156,0.3994,0.2744,0.3262
1529384700,0.4752,54.0,0.3261,73.7,0.00174,0.3956,0.2715,0.3329
1529385000,0.481,53.7,0.3288,73.3,0.00132,0.395,0.27,0.335
1529385300,0.4935,53.2,0.3324,79.9,0.00122,0.3984,0.2684,0.3332
1529385600,0.4946,51.8,0.3337,84.0,0.00106,0.4012,0.2707,0.3281
1529385900,0.4949,51.5,0.3344,85.0,0.00122,0.401,0.271,0.328
1529386200,0.4872,51.1,0.3315,70.2,0.00101,0.4011,0.2729,0.326
1529386500,0.4867,49.7,0.3317,74.9,0.00105,0.4035,0.275,0.3215
1529386800,0.4745,48.7,0.3229,83.7,0.0014,0.4142,0.2819,0.3039
1529387100,0.4743,49.6,0.3217,72.8,0.00125,0.4129,0.28,0.3071
1529387400,0.4727,49.9,0.3224,78.1,0.00124,0.4053,0.2764,0.3182
1529387700,0.4841,50.8,0.3271,83.1,0.00161,0.4042,0.2731,0.3227
1529388000,0.4844,51.0,0.3281,82.8,0.00127,0.3995,0.2706,0.3299
1529388300,0.4859,51.5,0.3306,78.7,0.00119,0.3968,0.27,0.3332
1529388600,0.4833,52.0,0.3302,79.0,0.00148,0.3944,0.2695,0.3361
1529388900,0.4887,52.3,0.3306,78.7,0.00147,0.3956,0.2676,0.3368
1529389200,0.4905,51.9,0.3319,78.0,0.00131,0.3949,0.2672,0.3378
1529389500,0.4883,51.6,0.3293,81.1,0.00121,0.3942,0.2659,0.3399
1529389800,0.4867,51.4,0.3319,80.7,0.00119,0.3935,0.2684,0.3381
1529390100,0.4937,51.6,0.3332,70.6,0.00116,0.3969,0.2678,0.3353
1529390400,0.4949,51.3,0.332,78.7,0.0013,0.3974,0.2666,0.336
1529390700,0.4979,51.2,0.3317,75.8,0.00105,0.3984,0.2654,0.3362
1529391000,0.5031,50.9,0.3337,89.5,0.00122,0.4004,0.2656,0.3341
1529391300,0.5031,50.9,0.3353,85.2,0.00168,0.399,0.2659,0.335
1529391600,0.5066,51.0,0.3351,77.6,0.00136,0.3996,0.2643,0.3361
1529391900,0.5036,51.1,0.3362,80.1,0.00206,0.3977,0.2655,0.3368
1529392200,0.5055,51.0,0.3378,89.8,0.00188,0.3965,0.265,0.3385
1529392500,0.502,51.3,0.3375,81.6,0.00171,0.3973,0.2671,0.3356
1529392800,0.4937,51.3,0.3369,83.6,0.00111,0.3981,0.2717,0.3302
1529393100,0.5014,51.0,0.3382,85.2,0.00216,0.4025,0.2715,0.3261
1529393400,0.5024,48.8,0.337,82.7,0.00116,0.4053,0.2719,0.3228
1529393700,0.4934,50.0,0.3355,88.5,0.00114,0.4026,0.2738,0.3236
1529394000,0.4977,50.2,0.3351,82.9,0.00102,0.4051,0.2727,0.3222
1529394300,0.502,49.2,0.3328,72.8,0.00108,0.42,0.2784,0.3016
1529394600,0.497,48.8,0.3333,77.9,0.00135,0.4151,0.2784,0.3065
1529394900,0.4969,49.3,0.3355,86.5,0.00104,0.4116,0.2779,0.3105
1529395200,0.4884,49.8,0.3336,83.0,0.00115,0.409,0.2794,0.3116
1529395500,0.4875,51.2,0.3324,83.0,0.00171,0.4093,0.2791,0.3116
1529395800,0.4906,52.3,0.3334,83.1,0.00118,0.4079,0.2772,0.3149
1529396100,0.4949,53.0,0.3337,73.4,0.00148,0.4077,0.2749,0.3174
1529396400,0.4948,52.6,0.3336,76.0,0.00109,0.4082,0.2752,0.3166
1529396700,0.4974,52.8,0.3321,83.4,0.0017,0.4102,0.2739,0.316
1529397000,0.4994,52.7,0.3334,86.0,0.0016,0.4118,0.2749,0.3132
1529397300,0.504,53.0,0.3352,78.5,0.00128,0.4138,0.2752,0.3109
1529397600,0.5019,53.0,0.3349,81.0,0.0016,0.4129,0.2755,0.3115
1529397900,0.5001,52.9,0.3357,83.1,0.00188,0.4114,0.2762,0.3124
1529398200,0.5056,52.0,0.3367,86.9,0.00142,0.4144,0.2759,0.3097
1529398500,0.5011,51.7,0.3353,79.3,0.00228,0.4139,0.2769,0.3092
1529398800,0.487,50.6,0.3347,78.2,0.00129,0.412,0.2831,0.3049
1529399100,0.4865,51.1,0.3347,71.2,0.00112,0.4097,0.2819,0.3085
1529399400,0.4903,51.2,0.334,81.0,0.00178,0.4122,0.2808,0.307
1529399700,0.4911,51.5,0.3348,76.8,0.00172,0.4124,0.2811,0.3065
1529400000,0.4853,51.9,0.334,77.6,0.00113,0.4093,0.2817,0.309
1529400300,0.49,52.3,0.3359,68.1,0.00171,0.4093,0.2806,0.3101
1529400600,0.5009,52.1,0.3375,86.3,0.00132,0.4178,0.2815,0.3007
1529400900,0.5136,51.1,0.3395,83.3,0.00153,0.4238,0.2801,0.2961
1529401200,0.5015,50.1,0.3358,75.2,0.00176,0.4205,0.2816,0.2979
1529401500,0.4929,49.3,0.3309,82.7,0.00158,0.42,0.282,0.298
1529401800,0.493,49.5,0.3309,68.1,0.00164,0.4198,0.2818,0.2984
1529402100,0.4916,50.3,0.3316,79.3,0.00106,0.4211,0.284,0.2949
1529402400,0.4955,50.1,0.3305,76.9,0.00188,0.4299,0.2867,0.2834
1529402700,0.4947,51.0,0.3314,86.0,0.001,0.4254,0.285,0.2896
1529403000,0.4913,50.6,0.3298,78.4,0.00111,0.4255,0.2856,0.2888
1529403300,0.4867,50.7,0.3299,73.1,0.00119,0.4233,0.2869,0.2898
1529403600,0.4881,51.1,0.3306,76.7,0.00122,0.4252,0.288,0.2868
1529403900,0.4878,51.5,0.3327,76.0,0.00141,0.4225,0.2881,0.2894
1529404200,0.4898,51.2,0.3306,83.6,0.00106,0.425,0.2869,0.2881
1529404500,0.5001,51.0,0.33,86.7,0.00116,0.4301,0.2838,0.2862
1529404800,0.491,50.6,0.3291,73.0,0.00102,0.4267,0.286,0.2873
1529405100,0.4994,50.7,0.3297,77.3,0.00121,0.4268,0.2818,0.2914
1529405400,0.4983,50.4,0.3295,77.8,0.00172,0.4236,0.2801,0.2963
1529405700,0.5009,50.7,0.3314,73.5,0.00142,0.4165,0.2756,0.3079
1529406000,0.4907,51.5,0.3314,74.4,0.00147,0.4076,0.2753,0.3171
1529406300,0.4954,51.9,0.3327,84.8,0.00119,0.4082,0.2742,0.3176
1529406600,0.495,52.4,0.3326,81.2,0.00103,0.4027,0.2706,0.3267
1529406900,0.5011,52.3,0.3346,76.3,0.00137,0.4026,0.2689,0.3285
1529407200,0.4957,52.6,0.3328,89.3,0.0016,0.3957,0.2657,0.3387
1529407500,0.4955,53.2,0.3337,70.7,0.00133,0.3916,0.2637,0.3447
1529407800,0.4967,53.7,0.3345,76.5,0.00133,0.3872,0.2608,0.352
1529408100,0.4862,54.5,0.3321,76.7,0.00184,0.3803,0.2598,0.3599
1529408400,0.4774,54.5,0.3334,78.1,0.00152,0.3727,0.2603,0.367
1529408700,0.477,55.0,0.3335,84.8,0.00129,0.3715,0.2597,0.3688
1529409000,0.4832,55.1,0.3333,82.5,0.00154,0.3745,0.2583,0.3672
1529409300,0.4827,55.0,0.3338,83.4,0.00143,0.3684,0.2547,0.3769
1529409600,0.4751,54.6,0.3319,80.2,0.00141,0.3644,0.2545,0.3811
1529409900,0.4802,54.7,0.333,72.5,0.00143,0.3609,0.2503,0.3888
1529410200,0.4934,54.5,0.3328,74.2,0.0012,0.3632,0.245,0.3918
1529410500,0.4879,54.9,0.3339,88.4,0.00133,0.3556,0.2434,0.401
1529410800,0.4924,55.1,0.3361,77.8,0.00103,0.3554,0.2426,0.4021
1529411100,0.4978,55.8,0.3367,77.1,0.00145,0.3558,0.2407,0.4035
1529411400,0.5008,54.1,0.3377,80.2,0.00135,0.357,0.2408,0.4022
1529411700,0.4999,54.3,0.3369,79.2,0.00129,0.3575,0.241,0.4015
1529412000,0.4923,53.4,0.3356,77.9,0.00107,0.3535,0.241,0.4056
1529412300,0.4802,52.8,0.3314,79.2,0.00116,0.3517,0.2428,0.4055
1529412600,0.4784,52.5,0.3306,76.0,0.0015,0.3522,0.2434,0.4044
1529412900,0.4871,52.5,0.3343,88.1,0.00117,0.3525,0.2419,0.4056
1529413200,0.483,52.4,0.3318,78.3,0.00111,0.3494,0.24,0.4107
1529413500,0.4796,53.0,0.3302,84.1,0.00116,0.3522,0.2425,0.4053
1529413800,0.4805,53.9,0.3312,78.5,0.00127,0.3494,0.2408,0.4098
1529414100,0.4778,54.3,0.3283,78.4,0.00143,0.3456,0.2375,0.4169
1529414400,0.4833,55.1,0.3286,79.6,0.00126,0.3456,0.2349,0.4195
1529414700,0.483,55.0,0.3298,77.2,0.0011,0.3431,0.2343,0.4226
1529415000,0.487,56.0,0.3302,84.6,0.00115,0.3437,0.233,0.4233
1529415300,0.4923,55.6,0.3297,89.0,0.00114,0.3441,0.2305,0.4254
1529415600,0.472,54.7,0.3303,89.5,0.00105,0.3326,0.2328,0.4346
1529415900,0.4316,52.9,0.3242,73.7,0.00115,0.3147,0.2364,0.4489
1529416200,0.398,50.6,0.3172,78.3,0.00181,0.2961,0.236,0.4679
1529416500,0.3856,48.4,0.3195,69.6,0.0012,0.2808,0.2326,0.4866
1529416800,0.3863,46.4,0.3153,71.0,0.00127,0.272,0.222,0.506
1529417100,0.3891,46.9,0.3172,73.3,0.00153,0.2643,0.2155,0.5202
1529417400,0.3813,48.6,0.3219,71.3,0.0015,0.2542,0.2146,0.5312
1529417700,0.3791,49.8,0.3198,67.7,0.00174,0.249,0.2101,0.5409
1529418000,0.3895,50.7,0.3237,64.6,0.00136,0.2494,0.2072,0.5434
1529418300,0.4126,51.4,0.3369,75.2,0.00172,0.2577,0.2104,0.5319
1529418600,0.3765,48.0,0.3147,73.3,0.00103,0.2593,0.2167,0.524
1529418900,0.3773,49.1,0.3179,71.2,0.00163,0.2504,0.211,0.5386
1529419200,0.4209,49.9,0.336,72.7,0.00132,0.261,0.2084,0.5306
1529419500,0.4378,48.7,0.3363,70.6,0.00187,0.279,0.2143,0.5067
1529419800,0.4195,49.4,0.3203,80.1,0.00189,0.2637,0.2014,0.5349
1529420100,0.3901,49.6,0.3173,72.9,0.00188,0.245,0.1993,0.5557
1529420400,0.4466,49.9,0.3432,76.1,0.00126,0.2538,0.195,0.5512
1529420700,0.485,48.8,0.3513,74.4,0.00143,0.2892,0.2095,0.5013
1529421000,0.4721,50.1,0.3481,75.7,0.00124,0.2856,0.2106,0.5038
1529421300,0.4123,49.2,0.3186,63.1,0.00181,0.273,0.211,0.516
1529421600,0.4496,49.8,0.3365,75.5,0.00107,0.292,0.2186,0.4894
1529421900,0.5009,35.6,0.3451,87.4,0.00124,0.3755,0.2587,0.3658
1529422200,0.5402,37.2,0.3678,79.6,0.00225,0.3669,0.2498,0.3833
1529422500,0.5629,38.2,0.3783,84.8,0.00304,0.3638,0.2445,0.3917
1529422800,0.558,38.3,0.3878,82.7,0.00344,0.3557,0.2472,0.3971
1529423100,0.5491,38.0,0.3877,88.9,0.00327,0.348,0.2457,0.4063
1529423400,0.5695,37.3,0.3928,87.3,0.00316,0.3722,0.2567,0.3711
1529423700,0.5504,37.2,0.3863,95.6,0.00325,0.3728,0.2616,0.3656
1529424000,0.5722,38.0,0.3937,76.9,0.00318,0.3791,0.2609,0.36
1529424300,0.5645,38.4,0.3836,83.3,0.00356,0.3844,0.2612,0.3543
1529424600,0.5363,38.9,0.3793,81.6,0.00219,0.3707,0.2622,0.3672
1529424900,0.5125,39.2,0.3767,83.0,0.00149,0.3616,0.2658,0.3725
1529425200,0.5211,39.9,0.3819,82.1,0.00237,0.3566,0.2613,0.3821
1529425500,0.5353,41.6,0.3857,91.2,0.00229,0.3537,0.2548,0.3915
1529425800,0.5227,42.9,0.379,79.6,0.00177,0.3505,0.2542,0.3953
1529426100,0.5176,44.7,0.3759,90.7,0.00216,0.3475,0.2524,0.4001
1529426400,0.542,45.0,0.3844,83.0,0.00246,0.3533,0.2506,0.3961
1529426700,0.5627,45.5,0.3921,100.3,0.00306,0.3603,0.2511,0.3886
1529427000,0.5732,45.6,0.3907,81.5,0.00366,0.3644,0.2484,0.3873
1529427300,0.5651,45.7,0.3926,80.5,0.00374,0.3614,0.2511,0.3874
1529427600,0.5281,45.2,0.3849,84.2,0.00191,0.3474,0.2532,0.3993
1529427900,0.5271,44.5,0.3788,82.7,0.00211,0.3456,0.2484,0.406
1529428200,0.4977,44.1,0.3713,89.4,0.00111,0.3373,0.2517,0.411
1529428500,0.4946,43.8,0.3756,81.0,0.00115,0.3329,0.2528,0.4143
1529428800,0.5208,44.2,0.3898,86.8,0.00242,0.3382,0.2531,0.4087
1529429100,0.5385,44.4,0.3911,85.5,0.0026,0.3417,0.2481,0.4102
1529429400,0.5276,44.1,0.3817,73.1,0.00245,0.3343,0.2419,0.4238
1529429700,0.5132,44.0,0.3756,81.5,0.00169,0.3283,0.2403,0.4314
1529430000,0.52,44.7,0.3775,87.7,0.00175,0.3277,0.2379,0.4344
1529430300,0.5217,44.0,0.3789,86.2,0.00251,0.3291,0.239,0.4319
1529430600,0.5267,41.9,0.3819,92.8,0.00203,0.3332,0.2416,0.4252
1529430900,0.5167,42.4,0.3817,82.6,0.00161,0.3298,0.2436,0.4266
1529431200,0.5365,41.9,0.3968,93.9,0.00242,0.3452,0.2553,0.3996
1529431500,0.5589,41.6,0.4022,82.7,0.00309,0.3516,0.253,0.3954
1529431800,0.5232,41.1,0.3891,77.7,0.00175,0.3435,0.2554,0.4011
1529432100,0.5152,40.5,0.3825,82.2,0.00256,0.3415,0.2535,0.405
1529432400,0.5448,41.3,0.3882,82.5,0.00256,0.3503,0.2496,0.4002
1529432700,0.5357,41.5,0.3846,87.5,0.00227,0.3479,0.2498,0.4023
1529433000,0.5339,42.5,0.3876,91.0,0.00218,0.3418,0.2481,0.4101
1529433300,0.5272,42.8,0.3892,86.2,0.00227,0.3395,0.2506,0.4099
1529433600,0.5215,42.4,0.3906,84.3,0.00209,0.338,0.2531,0.4089
1529433900,0.5217,42.2,0.3921,80.3,0.00216,0.336,0.2525,0.4115
1529434200,0.5146,42.0,0.3853,77.5,0.00167,0.3365,0.252,0.4115
1529434500,0.5181,41.4,0.3871,83.6,0.00156,0.3387,0.253,0.4083
1529434800,0.493,41.4,0.3851,75.8,0.0016,0.3289,0.2569,0.4142
1529435100,0.5089,40.8,0.3899,76.9,0.0017,0.3329,0.2551,0.412
1529435400,0.5112,41.2,0.3865,83.6,0.00168,0.333,0.2518,0.4152
1529435700,0.5092,42.0,0.3894,88.4,0.00136,0.3337,0.2552,0.411
1529436000,0.5155,41.4,0.3928,69.5,0.00183,0.3377,0.2573,0.4049
1529436300,0.5091,40.4,0.3885,77.5,0.00169,0.3495,0.2667,0.3837
1529436600,0.4928,40.0,0.378,71.1,0.00157,0.3454,0.2649,0.3897
1529436900,0.4988,40.4,0.3783,79.1,0.00152,0.3451,0.2617,0.3931
1529437200,0.5238,40.6,0.3869,72.8,0.00235,0.3452,0.255,0.3998
1529437500,0.5154,41.3,0.376,89.5,0.00232,0.3395,0.2477,0.4129
1529437800,0.5282,41.3,0.3739,77.8,0.00246,0.3403,0.2409,0.4188
1529438100,0.5249,40.6,0.3692,95.5,0.00175,0.3499,0.2461,0.404
1529438400,0.5258,39.6,0.367,86.3,0.00228,0.3615,0.2523,0.3862
1529438700,0.5036,38.8,0.3556,79.3,0.00215,0.3671,0.2592,0.3736
1529439000,0.5266,38.2,0.3568,92.2,0.00194,0.3813,0.2583,0.3604
1529439300,0.5138,39.9,0.357,84.9,0.00159,0.3763,0.2615,0.3622
1529439600,0.5218,40.2,0.3638,87.3,0.00182,0.3731,0.2601,0.3668
1529439900,0.5364,41.3,0.3684,87.4,0.00261,0.3683,0.2529,0.3788
1529440200,0.5357,41.5,0.3674,85.4,0.00225,0.3702,0.2539,0.376
1529440500,0.5409,40.4,0.3743,86.7,0.0028,0.3771,0.2609,0.362
1529440800,0.5564,40.4,0.3841,81.0,0.00303,0.3815,0.2634,0.3551
1529441100,0.5647,41.0,0.3856,82.0,0.00296,0.3842,0.2624,0.3534
1529441400,0.5609,41.6,0.3796,89.7,0.00327,0.3854,0.2608,0.3537
1529441700,0.5391,41.7,0.3727,77.0,0.00237,0.3733,0.258,0.3687
1529442000,0.5276,41.7,0.3654,82.1,0.00223,0.3714,0.2572,0.3714
1529442300,0.533,41.6,0.3768,77.3,0.00215,0.3703,0.2618,0.3679
1529442600,0.5584,40.2,0.3812,89.1,0.00279,0.3811,0.2602,0.3588
1529442900,0.5339,41.0,0.3713,82.7,0.0022,0.3766,0.2619,0.3616
1529443200,0.5331,41.3,0.3691,88.3,0.00207,0.377,0.261,0.3619
1529443500,0.5374,38.7,0.3696,85.4,0.00218,0.3805,0.2617,0.3578
1529443800,0.5535,38.9,0.3781,83.6,0.00303,0.3807,0.26,0.3593
1529444100,0.5568,39.6,0.3828,80.8,0.00298,0.3808,0.2618,0.3574
1529444400,0.5582,39.6,0.3799,94.7,0.00302,0.3857,0.2625,0.3518
1529444700,0.5453,39.3,0.3717,83.1,0.00251,0.3852,0.2626,0.3522
1529445000,0.5452,40.0,0.3761,85.1,0.00242,0.3854,0.2659,0.3488
1529445300,0.5555,40.0,0.3826,88.0,0.00309,0.3869,0.2665,0.3467
1529445600,0.5294,40.8,0.3663,81.9,0.00193,0.3899,0.2698,0.3404
1529445900,0.5314,40.6,0.3733,77.5,0.00195,0.3865,0.2715,0.3419
1529446200,0.535,41.5,0.3697,81.9,0.00288,0.3852,0.2662,0.3486
1529446500,0.5087,40.9,0.3472,75.6,0.00239,0.3867,0.2639,0.3494
1529446800,0.5246,42.0,0.3602,80.5,0.00301,0.3873,0.2659,0.3468
1529447100,0.5226,42.4,0.3642,81.4,0.00195,0.3785,0.2638,0.3577
1529447400,0.5205,41.6,0.3708,82.6,0.00185,0.3735,0.2661,0.3604
1529447700,0.53,41.4,0.3736,81.0,0.00222,0.3764,0.2653,0.3583
1529448000,0.527,41.8,0.3702,82.7,0.00191,0.3772,0.265,0.3579
1529448300,0.5362,41.8,0.3727,84.9,0.00241,0.3769,0.262,0.361
1529448600,0.5456,41.8,0.3674,86.7,0.0024,0.3803,0.2561,0.3635
1529448900,0.5263,41.0,0.3569,80.2,0.00192,0.3825,0.2594,0.3581
1529449200,0.5178,42.2,0.3563,81.8,0.00175,0.3754,0.2583,0.3663
1529449500,0.5042,42.1,0.3332,84.7,0.00136,0.3924,0.2593,0.3484
1529449800,0.4973,43.0,0.3328,80.4,0.00136,0.3809,0.2549,0.3641
1529450100,0.4874,42.9,0.3253,79.1,0.00124,0.3748,0.2502,0.375
1529450400,0.4585,43.8,0.314,78.0,0.00154,0.3637,0.249,0.3873
1529450700,0.4702,44.0,0.3193,81.3,0.00103,0.3526,0.2395,0.4079
1529451000,0.4985,43.6,0.3221,80.5,0.00102,0.3603,0.2328,0.4069
1529451300,0.5133,45.7,0.3292,72.4,0.00161,0.3666,0.2351,0.3983
1529451600,0.4937,46.2,0.3157,79.7,0.00147,0.3768,0.241,0.3822
1529451900,0.5157,47.9,0.3196,85.8,0.00171,0.397,0.246,0.357
1529452200,0.5318,50.5,0.3271,86.0,0.00293,0.3931,0.2418,0.3652
1529452500,0.5038,49.9,0.3186,85.8,0.00148,0.3825,0.2419,0.3756
1529452800,0.4988,51.7,0.3167,84.7,0.00108,0.3953,0.251,0.3537
1529453100,0.5235,49.8,0.3271,85.0,0.00184,0.3976,0.2485,0.3539
1529453400,0.4989,47.6,0.3267,74.9,0.00133,0.3848,0.252,0.3632
1529453700,0.4714,46.8,0.3278,76.1,0.00201,0.3729,0.2593,0.3678
1529454000,0.4752,47.5,0.3281,86.3,0.0012,0.3719,0.2568,0.3714
1529454300,0.4818,49.2,0.3218,83.3,0.0012,0.3739,0.2497,0.3763
1529454600,0.4849,49.0,0.3214,83.2,0.00143,0.3905,0.2588,0.3506
1529454900,0.4932,48.8,0.3226,80.9,0.00131,0.3913,0.256,0.3527
1529455200,0.4923,49.5,0.3232,62.2,0.00119,0.3953,0.2595,0.3452
1529455500,0.4746,49.6,0.3164,83.2,0.00126,0.3983,0.2656,0.3361
1529455800,0.4841,49.3,0.3207,76.3,0.00116,0.3924,0.2599,0.3477
1529456100,0.4779,49.4,0.3186,84.9,0.00144,0.3976,0.2651,0.3373
1529456400,0.4773,51.9,0.3177,79.3,0.00146,0.3966,0.264,0.3393
1529456700,0.4897,50.6,0.3155,83.1,0.00162,0.4081,0.263,0.3289
1529457000,0.495,50.8,0.3117,78.6,0.00109,0.4133,0.2602,0.3265
1529457300,0.4848,49.5,0.3033,72.4,0.00137,0.4372,0.2735,0.2893
1529457600,0.4935,48.3,0.3079,78.0,0.00196,0.416,0.2595,0.3245
1529457900,0.4911,50.6,0.306,81.6,0.0011,0.4269,0.266,0.3071
1529458200,0.504,52.0,0.311,66.8,0.00169,0.4165,0.257,0.3264
1529458500,0.4914,53.3,0.3089,86.2,0.00136,0.402,0.2527,0.3453
1529458800,0.4934,53.9,0.307,69.1,0.00116,0.4086,0.2542,0.3372
1529459100,0.5146,52.2,0.3096,72.1,0.00212,0.4153,0.2498,0.3349
1529459400,0.4438,45.7,0.2916,69.8,0.00121,0.3791,0.2491,0.3718
1529459700,0.4677,49.1,0.2939,76.1,0.00151,0.3835,0.241,0.3755
1529460000,0.4695,52.7,0.2985,80.7,0.00179,0.3644,0.2316,0.404
1529460300,0.4637,55.1,0.2975,77.9,0.00112,0.3669,0.2354,0.3977
1529460600,0.4806,53.8,0.296,81.2,0.00157,0.3869,0.2383,0.3747
1529460900,0.4843,45.8,0.299,74.9,0.0013,0.3862,0.2384,0.3754
1529461200,0.4765,47.3,0.2945,81.4,0.00176,0.3811,0.2355,0.3833
1529461500,0.5002,46.8,0.3037,89.3,0.00172,0.3711,0.2253,0.4036
1529461800,0.4813,42.9,0.3049,75.7,0.00125,0.3977,0.252,0.3503
1529462100,0.4765,45.7,0.3096,79.6,0.00183,0.3825,0.2485,0.369
1529462400,0.4722,47.0,0.3116,77.8,0.00103,0.3735,0.2465,0.38
1529462700,0.4755,48.2,0.3131,81.8,0.00152,0.3734,0.2459,0.3807
1529463000,0.475,48.9,0.3121,71.1,0.00136,0.3724,0.2447,0.3829
1529463300,0.4628,50.2,0.3103,76.8,0.00115,0.3658,0.2453,0.3889
1529463600,0.4674,50.9,0.3076,85.0,0.00118,0.3679,0.2421,0.39
1529463900,0.4732,51.7,0.3094,79.1,0.00185,0.3631,0.2374,0.3995
1529464200,0.4802,51.4,0.3113,79.4,0.00113,0.3616,0.2344,0.404
1529464500,0.4809,51.6,0.3129,78.0,0.00136,0.3581,0.233,0.4089
1529464800,0.4866,52.1,0.3137,80.5,0.00111,0.3577,0.2306,0.4117
1529465100,0.4866,52.6,0.3158,81.8,0.00138,0.3552,0.2305,0.4144
1529465400,0.4864,52.8,0.3179,77.4,0.00117,0.3531,0.2308,0.4161
1529465700,0.4831,53.1,0.3159,77.6,0.0019,0.3524,0.2304,0.4172
1529466000,0.4905,53.1,0.3205,73.7,0.00116,0.3548,0.2318,0.4134
1529466300,0.4809,53.1,0.3175,69.5,0.0011,0.3512,0.2319,0.4169
1529466600,0.4934,52.1,0.3176,80.8,0.00137,0.3639,0.2342,0.4019
1529466900,0.4963,52.0,0.3194,76.5,0.00108,0.3627,0.2334,0.4039
1529467200,0.5091,52.0,0.3211,73.7,0.00166,0.3668,0.2314,0.4018
1529467500,0.4884,48.4,0.3137,89.9,0.00135,0.3831,0.2461,0.3708
1529467800,0.479,49.5,0.3102,72.8,0.00163,0.374,0.2422,0.3839
1529468100,0.4842,50.3,0.3136,70.8,0.00117,0.3734,0.2419,0.3847
1529468400,0.4889,50.5,0.3163,79.1,0.00124,0.3698,0.2392,0.391
1529468700,0.4988,51.6,0.3168,75.5,0.00108,0.3725,0.2366,0.3909
1529469000,0.5152,54.9,0.3239,86.4,0.00158,0.3801,0.239,0.3809
1529469300,0.5038,56.7,0.3215,81.6,0.00133,0.3967,0.2532,0.3501
1529469600,0.4943,58.7,0.3201,81.2,0.00161,0.3984,0.258,0.3436
1529469900,0.496,59.1,0.3231,72.9,0.00173,0.4045,0.2635,0.332
1529470200,0.4964,58.8,0.3238,83.1,0.00112,0.4095,0.2671,0.3235
1529470500,0.4959,58.1,0.3228,77.6,0.00152,0.4127,0.2686,0.3187
1529470800,0.5009,57.7,0.3236,82.0,0.00189,0.4156,0.2685,0.3159
1529471100,0.4991,57.5,0.3228,82.1,0.0013,0.4137,0.2675,0.3188
1529471400,0.4965,57.8,0.3232,80.6,0.00173,0.4109,0.2675,0.3215
1529471700,0.5038,57.5,0.327,80.1,0.00156,0.4134,0.2683,0.3183
1529472000,0.4972,56.9,0.3275,81.3,0.00157,0.412,0.2714,0.3166
1529472300,0.4954,56.8,0.3275,89.6,0.00123,0.413,0.273,0.314
1529472600,0.5005,55.2,0.327,77.9,0.00135,0.42,0.2744,0.3056
1529472900,0.4924,53.8,0.3245,84.9,0.00128,0.4193,0.2764,0.3043
1529473200,0.4903,52.8,0.3241,76.6,0.00125,0.4186,0.2767,0.3048
1529473500,0.4919,52.4,0.3253,77.9,0.00147,0.4183,0.2767,0.305
1529473800,0.4829,52.6,0.3237,85.3,0.00142,0.4161,0.2789,0.3049
1529474100,0.4801,52.4,0.3215,82.9,0.00112,0.4187,0.2804,0.3009
1529474400,0.478,53.6,0.3216,78.1,0.0015,0.4157,0.2797,0.3046
1529474700,0.48,54.3,0.3243,77.9,0.00187,0.4126,0.2787,0.3087
1529475000,0.4822,54.6,0.3254,82.2,0.0015,0.4118,0.2779,0.3103
1529475300,0.4889,54.3,0.3251,87.4,0.00172,0.4136,0.2751,0.3113
1529475600,0.4849,54.7,0.325,76.7,0.00192,0.411,0.2755,0.3135
1529475900,0.4889,55.8,0.3239,85.0,0.00123,0.413,0.2736,0.3134
1529476200,0.4924,56.5,0.3236,89.1,0.00104,0.4155,0.2731,0.3114
1529476500,0.4954,56.5,0.3247,84.2,0.00168,0.4168,0.2732,0.3099
1529476800,0.4939,56.5,0.3262,75.8,0.00115,0.4156,0.2745,0.3099
1529477100,0.4956,56.1,0.3259,71.7,0.00156,0.4184,0.2751,0.3065
1529477400,0.4956,55.5,0.3256,80.2,0.00133,0.42,0.2759,0.304
1529477700,0.4914,55.5,0.3255,79.0,0.00103,0.4171,0.2763,0.3067
1529478000,0.479,55.8,0.3257,77.8,0.00127,0.4089,0.278,0.313
1529478300,0.4833,56.3,0.3244,77.0,0.00136,0.4108,0.2758,0.3134
1529478600,0.4768,57.1,0.3226,80.5,0.00173,0.4072,0.2755,0.3173
1529478900,0.4739,57.4,0.3211,78.3,0.00174,0.4055,0.2747,0.3198
1529479200,0.4758,58.5,0.3212,79.4,0.00128,0.4033,0.2722,0.3245
1529479500,0.4776,59.4,0.3235,67.8,0.00108,0.4011,0.2717,0.3273
1529479800,0.4714,59.7,0.3234,80.3,0.00111,0.3977,0.2729,0.3294
1529480100,0.4745,60.3,0.3214,82.9,0.0015,0.4007,0.2714,0.3278
1529480400,0.4811,60.5,0.3214,81.5,0.00179,0.4034,0.2695,0.3271
1529480700,0.4838,60.3,0.3238,75.5,0.00173,0.4024,0.2693,0.3284
1529481000,0.486,60.5,0.3237,83.8,0.00148,0.4041,0.2692,0.3267
1529481300,0.4849,60.7,0.3226,82.7,0.00127,0.4043,0.269,0.3268
1529481600,0.4821,61.2,0.3233,83.6,0.00184,0.4005,0.2686,0.331
1529481900,0.4838,61.2,0.3257,70.5,0.00203,0.399,0.2686,0.3323
1529482200,0.4796,61.0,0.325,74.0,0.00173,0.3971,0.2691,0.3338
1529482500,0.4798,60.6,0.3246,84.5,0.00125,0.3976,0.269,0.3333
1529482800,0.4737,60.7,0.3246,76.4,0.00108,0.3946,0.2704,0.335
1529483100,0.4714,60.5,0.3245,75.8,0.00141,0.3941,0.2713,0.3346
1529483400,0.4697,59.0,0.3245,77.3,0.00131,0.3965,0.2739,0.3296
1529483700,0.4594,58.6,0.3222,75.0,0.00116,0.3959,0.2777,0.3264
1529484000,0.4505,58.4,0.3195,79.1,0.00145,0.3944,0.2797,0.3259
1529484300,0.4508,58.3,0.32,75.1,0.00155,0.3946,0.2801,0.3252
1529484600,0.4586,58.5,0.3228,76.8,0.00129,0.3944,0.2776,0.3279
1529484900,0.4508,58.7,0.3226,71.6,0.00163,0.3901,0.2792,0.3307
1529485200,0.4557,58.2,0.322,81.0,0.00153,0.3922,0.2772,0.3306
1529485500,0.4598,58.2,0.3223,73.5,0.00219,0.3924,0.2751,0.3325
1529485800,0.4629,57.9,0.3224,77.9,0.00147,0.3912,0.2725,0.3363
1529486100,0.4546,57.5,0.3227,76.3,0.00144,0.3885,0.2758,0.3357
1529486400,0.4636,58.0,0.3223,89.2,0.00121,0.3922,0.2727,0.3351
1529486700,0.4578,58.5,0.3211,65.9,0.00182,0.3888,0.2727,0.3386
1529487000,0.4656,58.0,0.3211,77.9,0.0011,0.3957,0.2729,0.3313
1529487300,0.4633,58.0,0.3219,76.6,0.00161,0.399,0.2772,0.3238
1529487600,0.4522,58.0,0.3228,74.8,0.00138,0.3942,0.2814,0.3244
1529487900,0.4407,57.5,0.3207,73.1,0.00127,0.3894,0.2834,0.3273
1529488200,0.4401,57.7,0.3186,76.5,0.00119,0.3881,0.2809,0.331
1529488500,0.4398,58.3,0.3195,80.6,0.00138,0.3844,0.2792,0.3364
1529488800,0.4417,58.2,0.3223,76.6,0.00158,0.3814,0.2783,0.3403
1529489100,0.4434,58.7,0.3238,78.8,0.0014,0.3799,0.2774,0.3427
1529489400,0.4333,59.2,0.3202,68.4,0.00123,0.3755,0.2775,0.3471
1529489700,0.4277,60.1,0.3197,72.9,0.00103,0.3713,0.2775,0.3512
1529490000,0.4378,61.3,0.3193,77.7,0.0013,0.3737,0.2726,0.3537
1529490300,0.4448,62.4,0.3199,79.7,0.00192,0.3742,0.2691,0.3567
1529490600,0.4444,60.3,0.3202,76.7,0.00105,0.3782,0.2725,0.3493
1529490900,0.4383,60.3,0.3157,76.0,0.00174,0.3783,0.2725,0.3491
1529491200,0.4326,61.5,0.3153,71.2,0.00154,0.3736,0.2723,0.3541
1529491500,0.4492,61.5,0.3121,79.2,0.00133,0.3874,0.2691,0.3435
1529491800,0.4506,62.9,0.3151,77.6,0.00184,0.3818,0.267,0.3512
1529492100,0.4456,62.2,0.3166,74.3,0.00146,0.3779,0.2685,0.3536
1529492400,0.4487,62.7,0.3147,75.7,0.00137,0.3833,0.2688,0.3479
1529492700,0.4634,64.6,0.314,73.0,0.0014,0.3879,0.2628,0.3493
1529493000,0.4672,65.3,0.3162,78.0,0.00159,0.3857,0.261,0.3532
1529493300,0.4639,64.9,0.32,74.8,0.0016,0.38,0.2621,0.3579
1529493600,0.4615,64.4,0.32,77.5,0.00136,0.3794,0.2631,0.3575
1529493900,0.4543,63.3,0.3213,75.0,0.00109,0.3749,0.2652,0.3599
1529494200,0.4623,55.7,0.3111,79.5,0.00165,0.4124,0.2775,0.3101
1529494500,0.4624,55.9,0.3152,79.2,0.00186,0.4143,0.2824,0.3033
1529494800,0.4534,58.2,0.314,74.6,0.00124,0.4055,0.2808,0.3137
1529495100,0.4679,59.1,0.3213,68.4,0.00141,0.4046,0.2779,0.3175
1529495400,0.4671,59.3,0.3214,71.1,0.00108,0.4032,0.2774,0.3194
1529495700,0.4614,59.5,0.3179,78.6,0.00103,0.4047,0.2788,0.3164
1529496000,0.4621,60.9,0.3151,84.8,0.00123,0.4015,0.2738,0.3248
1529496300,0.4621,61.5,0.319,75.3,0.00121,0.3973,0.2743,0.3284
1529496600,0.4701,61.3,0.323,77.7,0.00124,0.3967,0.2726,0.3307
1529496900,0.4786,61.0,0.3233,76.5,0.00104,0.3987,0.2693,0.332
1529497200,0.4748,61.5,0.3242,80.2,0.00106,0.3935,0.2687,0.3378
1529497500,0.4845,62.2,0.3265,84.1,0.00143,0.395,0.2662,0.3388
1529497800,0.4859,62.6,0.3271,76.5,0.00121,0.3946,0.2656,0.3398
1529498100,0.487,61.5,0.326,72.9,0.0016,0.3962,0.2652,0.3386
1529498400,0.4824,61.5,0.325,78.1,0.00121,0.3956,0.2665,0.3379
1529498700,0.4776,62.4,0.3221,81.1,0.00164,0.3947,0.2662,0.3391
1529499000,0.4792,62.7,0.3245,83.8,0.00123,0.3917,0.2652,0.3431
1529499300,0.4842,62.3,0.3258,80.7,0.00156,0.3929,0.2644,0.3428
1529499600,0.4871,62.4,0.3258,81.4,0.00173,0.3937,0.2633,0.3429
1529499900,0.4764,62.4,0.3245,72.3,0.00113,0.3877,0.2641,0.3482
1529500200,0.4733,62.3,0.3215,84.3,0.00219,0.3863,0.2624,0.3513
1529500500,0.4699,62.0,0.3226,79.9,0.00124,0.3814,0.2619,0.3567
1529500800,0.4473,62.2,0.3181,84.2,0.00132,0.3696,0.2628,0.3675
1529501100,0.4184,60.8,0.3114,78.0,0.00133,0.3527,0.2625,0.3848
1529501400,0.3992,57.9,0.3062,70.0,0.00133,0.3357,0.2575,0.4068
1529501700,0.3967,55.5,0.3085,73.8,0.00151,0.3191,0.2481,0.4328
1529502000,0.4167,53.6,0.3164,77.2,0.0012,0.3136,0.2381,0.4483
1529502300,0.4092,50.3,0.315,77.0,0.00118,0.3175,0.2444,0.4381
1529502600,0.4319,50.5,0.3176,74.8,0.00241,0.3362,0.2472,0.4166
1529502900,0.4413,52.5,0.3193,73.5,0.00145,0.3149,0.2279,0.4572
1529503200,0.4278,53.6,0.3131,72.6,0.0022,0.3235,0.2367,0.4398
1529503500,0.4527,54.7,0.3212,66.5,0.00173,0.3113,0.2209,0.4677
1529503800,0.45,57.1,0.3153,75.1,0.00108,0.308,0.2158,0.4761
1529504100,0.477,59.4,0.3202,75.3,0.00106,0.3184,0.2137,0.4679
1529504400,0.4555,59.2,0.3091,72.5,0.00272,0.328,0.2226,0.4494
1529504700,0.4534,59.1,0.305,73.5,0.00195,0.332,0.2234,0.4446
1529505000,0.4676,62.1,0.3074,80.4,0.00107,0.331,0.2176,0.4513
1529505300,0.48,64.4,0.3177,84.7,0.00149,0.3209,0.2124,0.4668
1529505600,0.4484,62.2,0.3144,67.3,0.00156,0.3069,0.2152,0.4779
1529505900,0.4624,63.4,0.3182,85.4,0.00117,0.3065,0.2109,0.4826
1529506200,0.473,62.9,0.3182,77.3,0.00135,0.3128,0.2105,0.4767
1529506500,0.4767,61.2,0.3225,75.0,0.00107,0.3074,0.208,0.4846
1529506800,0.4537,60.0,0.3078,74.2,0.0015,0.3066,0.208,0.4854
1529507100,0.4888,58.8,0.3245,74.6,0.00113,0.3232,0.2146,0.4622
1529507400,0.4728,56.5,0.3273,73.4,0.00112,0.3103,0.2148,0.4749
1529507700,0.4945,55.4,0.3345,73.3,0.00105,0.3163,0.214,0.4697
1529508000,0.4881,55.5,0.3367,81.1,0.001,0.3129,0.2158,0.4712
1529508300,0.4859,55.6,0.334,69.4,0.00104,0.3093,0.2126,0.4782
1529508600,0.4655,55.7,0.3224,78.4,0.00101,0.3097,0.2145,0.4758
1529508900,0.4664,55.9,0.3296,72.1,0.00146,0.2962,0.2093,0.4945
1529509200,0.4362,40.0,0.2779,76.9,0.00244,0.4449,0.2834,0.2716
1529509500,0.4578,42.1,0.2829,68.1,0.00125,0.4548,0.281,0.2642
1529509800,0.4534,42.8,0.2835,83.3,0.00112,0.4603,0.2878,0.2518
1529510100,0.4579,42.9,0.2733,73.1,0.00133,0.4956,0.2958,0.2087
1529510400,0.4429,42.8,0.2748,79.4,0.0014,0.4884,0.303,0.2086
1529510700,0.4283,41.5,0.263,73.9,0.00108,0.5024,0.3085,0.1892
1529511000,0.4378,43.0,0.2701,71.2,0.00113,0.502,0.3097,0.1883
1529511300,0.4602,48.1,0.2781,77.5,0.00109,0.4625,0.2795,0.2579
1529511600,0.484,49.8,0.2843,80.7,0.00144,0.4731,0.2779,0.249
1529511900,0.48,53.5,0.2998,73.9,0.00117,0.4134,0.2582,0.3284
1529512200,0.5104,56.7,0.3055,84.9,0.00257,0.4273,0.2558,0.3169
1529512500,0.5108,61.1,0.3104,86.9,0.00136,0.4201,0.2553,0.3246
1529512800,0.5072,62.5,0.3084,86.5,0.00191,0.4257,0.2588,0.3155
1529513100,0.5379,60.4,0.329,86.7,0.00278,0.4156,0.2542,0.3302
1529513400,0.5143,58.7,0.3307,85.5,0.00193,0.3997,0.257,0.3433
1529513700,0.4965,56.9,0.3275,79.3,0.00178,0.3933,0.2594,0.3473
1529514000,0.5054,55.4,0.3345,90.4,0.0015,0.3866,0.2559,0.3575
1529514300,0.4977,51.8,0.3229,78.5,0.00102,0.3876,0.2514,0.361
1529514600,0.4496,42.5,0.3095,70.0,0.00122,0.4001,0.2754,0.3245
1529514900,0.4694,43.4,0.3259,86.6,0.00135,0.376,0.261,0.363
1529515200,0.4969,46.2,0.3534,79.1,0.00118,0.355,0.2525,0.3925
1529515500,0.4779,45.8,0.3566,80.7,0.00115,0.343,0.256,0.401
1529515800,0.4561,44.9,0.354,71.4,0.00183,0.3364,0.2611,0.4025
1529516100,0.4965,44.4,0.3646,76.8,0.00146,0.3526,0.2589,0.3885
1529516400,0.5295,44.1,0.3711,87.0,0.002,0.3657,0.2563,0.378
1529516700,0.5211,43.8,0.3679,86.1,0.00196,0.3682,0.2599,0.3719
1529517000,0.529,40.3,0.3646,78.0,0.00188,0.385,0.2653,0.3497
1529517300,0.561,40.3,0.3806,80.1,0.00294,0.3804,0.2581,0.3615
1529517600,0.5321,39.3,0.3609,81.0,0.00256,0.3863,0.262,0.3518
1529517900,0.524,39.7,0.3563,78.9,0.00276,0.3676,0.25,0.3824
1529518200,0.4791,38.4,0.3267,78.3,0.00121,0.3854,0.2628,0.3517
1529518500,0.4864,38.4,0.3285,76.5,0.00146,0.3911,0.2641,0.3448
1529518800,0.4893,40.3,0.3251,77.7,0.00125,0.4078,0.271,0.3212
1529519100,0.4583,41.1,0.3141,78.9,0.00111,0.4142,0.2839,0.302
1529519400,0.4844,41.6,0.3321,74.4,0.00152,0.3899,0.2673,0.3427
1529519700,0.5009,42.7,0.3398,84.4,0.00126,0.3879,0.2631,0.349
1529520000,0.49,42.4,0.3221,81.1,0.00103,0.4123,0.271,0.3167
1529520300,0.5011,43.6,0.3259,80.5,0.00135,0.4039,0.2627,0.3335
1529520600,0.4753,43.4,0.2991,76.4,0.0012,0.4334,0.2727,0.2939
1529520900,0.4622,46.6,0.2987,75.7,0.00169,0.4287,0.277,0.2943
1529521200,0.45,46.0,0.2993,73.9,0.00102,0.4279,0.2846,0.2876
1529521500,0.4455,44.6,0.2992,73.2,0.00127,0.43,0.2888,0.2813
1529521800,0.5138,45.7,0.3185,83.2,0.00191,0.4301,0.2666,0.3033
1529522100,0.4815,46.7,0.3114,72.7,0.00131,0.4425,0.2862,0.2714
1529522400,0.5004,49.4,0.3263,73.7,0.00183,0.3946,0.2573,0.3481
1529522700,0.4795,52.3,0.3188,80.8,0.00127,0.3982,0.2648,0.337
1529523000,0.4596,51.2,0.2956,76.0,0.0013,0.4368,0.2809,0.2823
1529523300,0.429,50.2,0.2896,79.0,0.00123,0.43,0.2903,0.2798
1529523600,0.4469,47.6,0.2969,68.1,0.00144,0.4284,0.2846,0.287
1529523900,0.4502,46.0,0.2973,75.0,0.00112,0.4356,0.2876,0.2768
1529524200,0.4307,45.2,0.28,83.4,0.00167,0.4574,0.2974,0.2452
1529524500,0.4236,44.6,0.2852,72.2,0.00121,0.4749,0.3197,0.2054
1529524800,0.5096,46.7,0.3184,91.7,0.00153,0.4699,0.2936,0.2365
1529525100,0.5012,49.0,0.3219,80.1,0.00151,0.4389,0.2819,0.2791
1529525400,0.5355,49.5,0.3425,87.6,0.00215,0.4253,0.272,0.3027
1529525700,0.5374,47.4,0.352,81.5,0.00213,0.4029,0.2639,0.3332
1529526000,0.5534,48.9,0.3717,83.9,0.00356,0.3904,0.2622,0.3475
1529526300,0.5691,48.4,0.3773,87.4,0.00318,0.3935,0.2609,0.3455
1529526600,0.536,45.5,0.3766,76.6,0.00333,0.3826,0.2688,0.3487
1529526900,0.529,44.5,0.3745,79.0,0.002,0.378,0.2676,0.3544
1529527200,0.5392,43.7,0.3813,85.0,0.00224,0.3771,0.2666,0.3563
1529527500,0.5315,41.8,0.376,76.9,0.00288,0.3815,0.2699,0.3487
1529527800,0.5428,42.1,0.3831,79.0,0.00243,0.3792,0.2676,0.3532
1529528100,0.5446,41.8,0.3865,83.5,0.00311,0.3764,0.2671,0.3565
1529528400,0.5378,41.8,0.3809,73.9,0.00293,0.3744,0.2652,0.3605
1529528700,0.5034,41.6,0.3652,84.6,0.00136,0.3692,0.2678,0.363
1529529000,0.5135,41.9,0.3723,76.2,0.00198,0.3685,0.2672,0.3643
1529529300,0.5387,42.4,0.3814,93.3,0.00252,0.3726,0.2638,0.3636
1529529600,0.5565,43.8,0.3915,83.3,0.0027,0.3737,0.2629,0.3634
1529529900,0.5668,44.5,0.3919,90.5,0.0032,0.3772,0.2608,0.362
1529530200,0.557,43.0,0.3862,87.0,0.0031,0.3765,0.2611,0.3624
1529530500,0.5405,42.6,0.3809,84.9,0.0029,0.3716,0.2619,0.3665
1529530800,0.5344,41.4,0.3755,84.3,0.00214,0.3698,0.2598,0.3704
1529531100,0.5034,39.9,0.3529,76.7,0.00262,0.3677,0.2578,0.3745
1529531400,0.5024,40.4,0.3437,81.5,0.00138,0.3893,0.2663,0.3444
1529531700,0.4693,42.3,0.3146,83.6,0.0019,0.4164,0.2791,0.3045
1529532000,0.433,41.0,0.2894,78.5,0.0013,0.4684,0.3131,0.2185
1529532300,0.4256,43.0,0.2898,83.2,0.00121,0.4457,0.3035,0.2509
1529532600,0.4261,43.4,0.279,69.5,0.00171,0.4765,0.312,0.2115
1529532900,0.4397,48.4,0.2762,69.2,0.00168,0.4928,0.3095,0.1977
1529533200,0.4503,53.1,0.2819,74.2,0.00131,0.472,0.2955,0.2325
1529533500,0.4141,51.1,0.2649,78.4,0.00204,0.5045,0.3227,0.1727
1529533800,0.4385,48.8,0.2672,79.2,0.00135,0.5132,0.3127,0.174
1529534100,0.4171,48.3,0.2653,72.1,0.00115,0.5102,0.3245,0.1652
1529534400,0.4022,47.1,0.2594,69.4,0.00141,0.5214,0.3363,0.1422
1529534700,0.4257,48.0,0.2684,75.2,0.00118,0.4899,0.3089,0.2012
1529535000,0.4608,48.7,0.282,74.9,0.00149,0.4703,0.2878,0.242
1529535300,0.4377,49.6,0.272,80.2,0.00131,0.4704,0.2923,0.2372
1529535600,0.4309,50.2,0.274,71.1,0.00118,0.4567,0.2904,0.2529
1529535900,0.4265,48.2,0.267,74.3,0.00228,0.4924,0.3083,0.1993
1529536200,0.4479,48.1,0.2707,72.4,0.00131,0.5072,0.3066,0.1862
1529536500,0.4539,49.4,0.2764,76.6,0.00186,0.4893,0.2979,0.2128
1529536800,0.4485,52.5,0.276,75.4,0.0017,0.4641,0.2856,0.2503
1529537100,0.4332,52.3,0.2731,78.2,0.00127,0.4613,0.2908,0.2479
1529537400,0.4329,49.4,0.2675,76.4,0.00123,0.486,0.3003,0.2137
1529537700,0.4465,47.4,0.2901,74.1,0.00175,0.4063,0.264,0.3297
1529538000,0.4293,50.4,0.3072,72.2,0.00119,0.3758,0.2689,0.3553
1529538300,0.4037,50.9,0.3023,68.3,0.00204,0.3754,0.2811,0.3435
1529538600,0.4412,48.4,0.3111,79.6,0.00113,0.3916,0.2762,0.3322
1529538900,0.4495,50.4,0.3099,74.2,0.00121,0.3844,0.265,0.3507
1529539200,0.4417,52.4,0.3029,71.3,0.0016,0.4028,0.2762,0.321
1529539500,0.4518,54.0,0.3005,77.5,0.00154,0.4225,0.281,0.2965
1529539800,0.446,54.8,0.2986,79.5,0.00122,0.4268,0.2858,0.2874
1529540100,0.4498,56.0,0.2923,72.5,0.00171,0.4368,0.2838,0.2794
1529540400,0.4903,55.6,0.2904,77.8,0.00145,0.4754,0.2816,0.243
1529540700,0.5069,55.8,0.2934,81.2,0.0013,0.4438,0.2569,0.2993
1529541000,0.5006,56.3,0.2948,80.7,0.00108,0.4517,0.266,0.2823
1529541300,0.4807,54.1,0.2828,71.4,0.00141,0.4526,0.2663,0.2811
1529541600,0.4782,54.7,0.2804,77.5,0.00103,0.4346,0.2548,0.3106
1529541900,0.4935,56.1,0.2826,81.7,0.00121,0.4423,0.2533,0.3044
1529542200,0.4923,55.9,0.2885,84.4,0.00107,0.4331,0.2538,0.3131
1529542500,0.4743,54.9,0.283,86.3,0.00144,0.4252,0.2537,0.3211
1529542800,0.4603,53.5,0.2757,75.3,0.00115,0.4537,0.2717,0.2746
1529543100,0.479,51.6,0.2749,72.0,0.00101,0.4675,0.2683,0.2643
1529543400,0.4679,53.2,0.2744,81.2,0.00135,0.4769,0.2797,0.2435
1529543700,0.4724,53.1,0.2771,76.7,0.00122,0.4597,0.2697,0.2706
1529544000,0.4622,53.7,0.2761,76.9,0.00152,0.4525,0.2703,0.2772
1529544300,0.4816,53.4,0.2865,74.3,0.00102,0.4389,0.2611,0.3001
1529544600,0.4921,55.1,0.2971,68.9,0.00105,0.4159,0.2511,0.333
1529544900,0.4785,56.6,0.3006,76.0,0.00126,0.4128,0.2593,0.3278
1529545200,0.4735,56.1,0.2958,66.3,0.00145,0.4209,0.2629,0.3161
1529545500,0.4794,56.0,0.2888,77.3,0.0015,0.452,0.2723,0.2757
1529545800,0.4703,54.2,0.2795,72.9,0.00186,0.4782,0.2842,0.2376
1529546100,0.492,53.7,0.2845,70.0,0.00186,0.4537,0.2623,0.284
1529546400,0.4964,54.8,0.2936,72.0,0.00112,0.4378,0.2589,0.3033
1529546700,0.498,53.4,0.3005,84.9,0.00124,0.4276,0.258,0.3144
1529547000,0.5108,52.0,0.3005,87.2,0.00198,0.4396,0.2586,0.3018
1529547300,0.4583,44.8,0.2966,82.2,0.00148,0.4171,0.2699,0.313
1529547600,0.4674,45.8,0.2923,84.9,0.00105,0.4312,0.2697,0.2991
1529547900,0.48,45.8,0.3044,71.1,0.00147,0.4079,0.2587,0.3335
1529548200,0.4648,41.4,0.3056,72.4,0.00118,0.4053,0.2665,0.3283
1529548500,0.4676,44.6,0.3099,65.8,0.0015,0.396,0.2624,0.3416
1529548800,0.4557,45.1,0.3105,68.2,0.00135,0.3844,0.2619,0.3538
1529549100,0.4506,45.7,0.3064,73.4,0.001,0.3797,0.2582,0.3621
1529549400,0.4469,46.7,0.305,79.7,0.00255,0.3705,0.2529,0.3766
1529549700,0.454,46.9,0.3044,72.4,0.00196,0.3665,0.2458,0.3877
1529550000,0.4537,49.4,0.3045,77.8,0.00226,0.36,0.2416,0.3985
1529550300,0.4702,50.7,0.3079,78.6,0.00159,0.3601,0.2358,0.404
1529550600,0.4761,51.6,0.31,73.6,0.0023,0.3595,0.2341,0.4064
1529550900,0.4795,52.5,0.3096,69.9,0.00113,0.359,0.2318,0.4091
1529551200,0.4849,52.1,0.3092,79.9,0.00154,0.3618,0.2307,0.4075
1529551500,0.4989,52.3,0.3121,78.0,0.00109,0.3671,0.2296,0.4033
1529551800,0.4997,52.8,0.3137,83.4,0.00138,0.367,0.2304,0.4025
1529552100,0.4974,52.8,0.3146,78.7,0.00142,0.3671,0.2322,0.4008
1529552400,0.4902,51.4,0.3099,81.3,0.00108,0.3829,0.242,0.3751
1529552700,0.5036,52.0,0.3158,78.9,0.0021,0.3825,0.2399,0.3776
1529553000,0.4994,47.9,0.3129,84.9,0.00113,0.401,0.2512,0.3477
1529553300,0.4772,46.2,0.31,77.7,0.00102,0.3872,0.2516,0.3612
1529553600,0.473,47.5,0.3107,82.9,0.00147,0.3845,0.2526,0.363
1529553900,0.4782,48.3,0.3096,78.2,0.00105,0.383,0.248,0.3691
1529554200,0.463,41.1,0.2995,74.8,0.00118,0.4077,0.2637,0.3285
1529554500,0.4795,47.1,0.3119,80.3,0.0013,0.4001,0.2603,0.3396
1529554800,0.4876,51.4,0.3179,82.6,0.00231,0.3908,0.2548,0.3545
1529555100,0.4855,54.1,0.3186,77.4,0.00124,0.3862,0.2534,0.3603
1529555400,0.4783,52.1,0.3161,76.8,0.00163,0.3882,0.2565,0.3553
1529555700,0.4957,52.2,0.3158,74.6,0.0015,0.3985,0.2539,0.3477
1529556000,0.5031,52.6,0.3196,80.7,0.00118,0.4025,0.2557,0.3418
1529556300,0.4959,53.9,0.3192,77.5,0.0014,0.4092,0.2634,0.3274
1529556600,0.4927,55.2,0.3168,74.8,0.00126,0.4139,0.2661,0.32
1529556900,0.4994,56.5,0.3198,77.3,0.00106,0.4127,0.2643,0.323
1529557200,0.4968,57.7,0.3224,82.0,0.0015,0.4089,0.2653,0.3258
1529557500,0.495,58.4,0.3215,72.8,0.00144,0.4086,0.2654,0.326
1529557800,0.5029,58.1,0.3193,75.8,0.00125,0.4165,0.2644,0.319
1529558100,0.4984,58.4,0.3194,87.8,0.00114,0.4113,0.2636,0.3251
1529558400,0.4883,59.4,0.3197,86.5,0.00168,0.4029,0.2638,0.3333
1529558700,0.4943,59.9,0.3191,77.9,0.00165,0.4039,0.2607,0.3353
1529559000,0.4965,59.1,0.3196,91.8,0.00161,0.4066,0.2617,0.3317
1529559300,0.4975,58.7,0.321,74.5,0.0015,0.4066,0.2623,0.3311
1529559600,0.497,58.3,0.3222,77.5,0.00136,0.4053,0.2628,0.3319
1529559900,0.4952,57.5,0.3223,77.1,0.00126,0.4057,0.2641,0.3302
1529560200,0.4927,55.9,0.3202,83.7,0.00117,0.4102,0.2666,0.3232
1529560500,0.4892,56.7,0.319,78.9,0.00139,0.4086,0.2664,0.325
1529560800,0.4894,57.9,0.3201,81.0,0.00128,0.4039,0.2642,0.3319
1529561100,0.489,57.8,0.3211,72.4,0.00172,0.4018,0.2638,0.3343
1529561400,0.4955,58.2,0.3218,83.2,0.00171,0.4039,0.2623,0.3338
1529561700,0.4976,59.6,0.3206,71.3,0.00128,0.4049,0.2609,0.3343
1529562000,0.4978,60.6,0.3213,85.3,0.00114,0.4019,0.2594,0.3387
1529562300,0.4951,60.8,0.3212,81.2,0.00128,0.3986,0.2586,0.3429
1529562600,0.4973,60.2,0.3218,79.2,0.0012,0.3993,0.2584,0.3424
1529562900,0.4981,58.9,0.3184,78.2,0.00154,0.4055,0.2592,0.3353
1529563200,0.4926,57.9,0.3169,75.4,0.0011,0.4057,0.261,0.3333
1529563500,0.4971,58.7,0.3197,87.5,0.0018,0.4058,0.261,0.3333
1529563800,0.499,58.5,0.321,89.9,0.00133,0.4068,0.2617,0.3315
1529564100,0.4947,58.1,0.3201,74.7,0.00156,0.4065,0.263,0.3305
1529564400,0.4948,58.2,0.3216,84.9,0.00133,0.4043,0.2628,0.3329
1529564700,0.4934,57.7,0.3221,70.5,0.00107,0.4029,0.263,0.3341
1529565000,0.4955,57.8,0.3228,75.1,0.00174,0.404,0.2632,0.3329
1529565300,0.4851,55.8,0.3212,80.9,0.00101,0.4035,0.2672,0.3293
1529565600,0.4824,56.7,0.3206,82.1,0.00142,0.4037,0.2683,0.328
1529565900,0.4859,58.2,0.3234,81.9,0.00147,0.3993,0.2658,0.3349
1529566200,0.4815,58.0,0.322,76.8,0.0015,0.3996,0.2672,0.3332
1529566500,0.4782,56.1,0.3191,81.2,0.00177,0.4,0.2669,0.3332
1529566800,0.4811,56.3,0.3193,86.3,0.00129,0.4035,0.2678,0.3287
1529567100,0.4756,55.4,0.3168,86.5,0.00103,0.4017,0.2676,0.3308
1529567400,0.4663,55.7,0.3167,71.2,0.00131,0.3968,0.2695,0.3338
1529567700,0.4688,58.2,0.3164,73.3,0.00153,0.3931,0.2653,0.3416
1529568000,0.4778,59.5,0.3171,78.7,0.00164,0.3967,0.2633,0.34
1529568300,0.4843,60.6,0.3192,72.1,0.00138,0.3967,0.2615,0.3418
1529568600,0.4909,61.5,0.3196,81.3,0.00108,0.3966,0.2582,0.3452
1529568900,0.4952,61.2,0.3166,78.5,0.00117,0.4016,0.2568,0.3416
1529569200,0.4828,58.5,0.315,78.3,0.00115,0.398,0.2597,0.3423
1529569500,0.481,59.0,0.3154,74.2,0.00133,0.3928,0.2576,0.3496
1529569800,0.4862,57.8,0.3169,76.6,0.00105,0.3952,0.2576,0.3472
1529570100,0.4798,57.8,0.3175,90.9,0.00197,0.3925,0.2597,0.3477
1529570400,0.4796,57.4,0.3158,80.4,0.00128,0.3945,0.2598,0.3457
1529570700,0.4759,57.9,0.3158,79.7,0.00152,0.3905,0.2591,0.3504
1529571000,0.4731,57.3,0.318,77.1,0.00133,0.388,0.2608,0.3512
1529571300,0.469,57.4,0.3173,76.9,0.00166,0.3877,0.2623,0.35
1529571600,0.461,57.1,0.317,79.8,0.0013,0.3816,0.2624,0.356
1529571900,0.4559,57.0,0.3175,72.9,0.00197,0.379,0.264,0.357
1529572200,0.439,58.3,0.3185,70.5,0.00195,0.3679,0.2669,0.3652
1529572500,0.4449,58.3,0.317,76.5,0.00147,0.3703,0.2639,0.3658
1529572800,0.4546,58.8,0.3181,73.9,0.00182,0.3722,0.2605,0.3673
1529573100,0.4474,58.9,0.3169,72.3,0.00139,0.3671,0.26,0.373
1529573400,0.4486,59.5,0.3162,75.6,0.0024,0.366,0.258,0.3759
1529573700,0.4532,59.1,0.3141,77.1,0.00161,0.3695,0.2561,0.3744
1529574000,0.4462,59.2,0.3153,77.3,0.00113,0.3654,0.2582,0.3764
1529574300,0.4448,59.5,0.3125,68.9,0.00125,0.3642,0.2559,0.3799
1529574600,0.4498,59.5,0.3168,76.2,0.00151,0.3616,0.2547,0.3838
1529574900,0.4702,59.6,0.3215,72.6,0.00113,0.3681,0.2517,0.3802
1529575200,0.4591,58.3,0.3185,84.0,0.00157,0.3649,0.2531,0.382
1529575500,0.4758,58.0,0.3279,64.3,0.00177,0.3679,0.2536,0.3785
1529575800,0.4635,57.9,0.3254,77.9,0.001,0.3626,0.2546,0.3828
1529576100,0.4559,58.8,0.323,80.2,0.00136,0.3574,0.2532,0.3894
1529576400,0.4742,56.6,0.324,77.1,0.00101,0.376,0.2569,0.3671
1529576700,0.4585,56.0,0.3249,68.4,0.00191,0.372,0.2636,0.3644
1529577000,0.436,56.2,0.3205,83.3,0.00196,0.3722,0.2736,0.3542
1529577300,0.4386,56.9,0.3174,85.5,0.00103,0.3739,0.2706,0.3554
1529577600,0.445,57.9,0.3183,77.5,0.00112,0.3727,0.2666,0.3607
1529577900,0.4422,59.4,0.3253,69.1,0.00107,0.3635,0.2674,0.3692
1529578200,0.4352,59.2,0.3257,70.4,0.00161,0.3567,0.2669,0.3764
1529578500,0.4419,58.8,0.3244,76.2,0.00193,0.3647,0.2677,0.3676
1529578800,0.4283,57.8,0.3164,75.6,0.00123,0.3791,0.28,0.3409
1529579100,0.4443,58.5,0.3168,77.7,0.00166,0.3894,0.2777,0.3329
1529579400,0.4348,59.8,0.3147,74.1,0.00128,0.3732,0.2702,0.3566
1529579700,0.4419,59.2,0.3147,80.9,0.00123,0.3732,0.2658,0.361
1529580000,0.4492,59.8,0.3186,70.1,0.00267,0.3704,0.2627,0.3668
1529580300,0.452,59.3,0.3217,75.1,0.00122,0.3723,0.265,0.3627
1529580600,0.4721,59.1,0.3378,77.1,0.00104,0.3738,0.2675,0.3588
1529580900,0.4477,59.5,0.3273,74.2,0.00114,0.3663,0.2678,0.3659
1529581200,0.4621,59.7,0.3299,77.1,0.00117,0.3691,0.2635,0.3674
1529581500,0.4722,59.7,0.3278,76.5,0.00157,0.3754,0.2606,0.364
1529581800,0.4625,60.0,0.328,73.5,0.0011,0.3707,0.2629,0.3664
1529582100,0.4604,60.0,0.3268,75.4,0.0015,0.3669,0.2604,0.3727
1529582400,0.4676,60.3,0.3318,74.6,0.00116,0.3661,0.2598,0.3742
1529582700,0.4446,60.5,0.3271,75.2,0.00218,0.3569,0.2626,0.3805
1529583000,0.4605,61.0,0.332,76.3,0.00104,0.3671,0.2647,0.3682
1529583300,0.4581,61.4,0.3277,79.8,0.00145,0.3668,0.2624,0.3709
1529583600,0.464,59.9,0.3259,65.5,0.00142,0.37,0.2599,0.3702
1529583900,0.4889,54.4,0.3249,76.3,0.00163,0.4115,0.2735,0.3151
1529584200,0.5023,52.6,0.3284,80.4,0.00204,0.4077,0.2665,0.3258
1529584500,0.4698,52.0,0.3197,73.0,0.00162,0.3978,0.2707,0.3315
1529584800,0.4842,50.6,0.3203,91.4,0.0019,0.4146,0.2743,0.3111
1529585100,0.4985,51.2,0.3274,83.8,0.00132,0.4175,0.2742,0.3083
1529585400,0.4737,51.1,0.3196,72.0,0.00122,0.4084,0.2755,0.3161
1529585700,0.4815,51.3,0.319,78.6,0.00126,0.4044,0.2679,0.3278
1529586000,0.4636,50.6,0.3141,84.3,0.00108,0.4121,0.2792,0.3086
1529586300,0.4235,47.9,0.3186,78.6,0.00107,0.3728,0.2805,0.3467
1529586600,0.3815,46.8,0.3082,76.8,0.00131,0.3415,0.2759,0.3826
1529586900,0.3588,44.1,0.2924,66.5,0.00105,0.347,0.2828,0.3702
1529587200,0.3832,45.8,0.2893,67.6,0.00121,0.3579,0.2702,0.3719
1529587500,0.4602,53.1,0.2999,73.6,0.00166,0.3642,0.2373,0.3984
1529587800,0.4182,58.5,0.2945,66.3,0.00151,0.3312,0.2332,0.4356
1529588100,0.4157,57.7,0.2947,71.2,0.00147,0.3291,0.2333,0.4377
1529588400,0.4229,60.5,0.2895,78.7,0.00195,0.3386,0.2318,0.4296
1529588700,0.4344,60.8,0.2891,73.5,0.00182,0.3574,0.2379,0.4047
1529589000,0.4639,61.7,0.2984,82.2,0.00104,0.3567,0.2294,0.4139
1529589300,0.4383,64.9,0.2945,72.1,0.00192,0.3456,0.2322,0.4222
1529589600,0.4266,64.8,0.2925,74.1,0.00144,0.3356,0.2301,0.4343
1529589900,0.4362,63.4,0.2875,71.1,0.00137,0.349,0.23,0.421
1529590200,0.4539,62.7,0.2845,81.4,0.0011,0.3646,0.2285,0.4069
1529590500,0.4964,65.5,0.2982,81.4,0.00171,0.3594,0.2159,0.4247
1529590800,0.491,68.5,0.2958,75.5,0.00176,0.3557,0.2143,0.43
1529591100,0.4595,66.6,0.2955,77.2,0.00144,0.3327,0.214,0.4533
1529591400,0.4626,66.9,0.3026,78.5,0.00132,0.3362,0.2199,0.444
1529591700,0.4595,68.2,0.3025,75.9,0.0014,0.3304,0.2175,0.4521
1529592000,0.404,66.9,0.2971,70.9,0.00145,0.3091,0.2273,0.4637
1529592300,0.3975,60.1,0.2869,70.7,0.00176,0.3366,0.243,0.4204
1529592600,0.3757,57.7,0.2853,70.2,0.00131,0.3268,0.2482,0.4251
1529592900,0.3668,54.1,0.2813,66.4,0.00138,0.33,0.2531,0.4169
1529593200,0.3565,52.2,0.28,63.1,0.00168,0.3327,0.2613,0.406
1529593500,0.3874,52.6,0.2838,71.6,0.00114,0.334,0.2447,0.4214
1529593800,0.4286,40.9,0.2579,67.1,0.00108,0.5779,0.3477,0.0744
1529594100,0.4603,44.8,0.259,67.6,0.0022,0.6051,0.3405,0.0544
1529594400,0.4997,52.7,0.2686,79.7,0.00155,0.5302,0.285,0.1848
1529594700,0.4985,56.6,0.2668,79.0,0.00159,0.5369,0.2874,0.1757
1529595000,0.4901,60.9,0.2725,76.1,0.00168,0.4989,0.2774,0.2236
1529595300,0.4573,60.7,0.273,77.8,0.00141,0.4618,0.2757,0.2625
1529595600,0.4352,54.6,0.2729,71.9,0.00178,0.4787,0.3002,0.2211
1529595900,0.4215,46.2,0.2613,65.6,0.00127,0.5392,0.3343,0.1265
1529596200,0.4121,45.6,0.2596,72.8,0.00109,0.5505,0.3468,0.1027
1529596500,0.4129,44.7,0.2596,74.8,0.00159,0.546,0.3433,0.1107
1529596800,0.3954,43.5,0.2548,77.6,0.00114,0.5677,0.3658,0.0665
1529597100,0.3897,40.4,0.2548,73.9,0.00126,0.5772,0.3774,0.0454
1529597400,0.3772,40.7,0.2519,63.3,0.00109,0.5599,0.3739,0.0661
1529597700,0.3787,40.4,0.2491,74.2,0.00161,0.6032,0.3968,0.0
1529598000,0.3779,40.6,0.2491,65.8,0.00131,0.5774,0.3806,0.042
1529598300,0.3954,41.2,0.2503,74.0,0.00178,0.5285,0.3346,0.1369
1529598600,0.4057,44.2,0.2527,76.7,0.00109,0.5098,0.3176,0.1726
1529598900,0.4057,43.6,0.2585,71.9,0.00119,0.4993,0.3181,0.1826
1529599200,0.3961,42.9,0.2536,70.0,0.00156,0.4936,0.316,0.1903
1529599500,0.3872,43.4,0.2539,70.6,0.00148,0.4963,0.3255,0.1782
1529599800,0.3732,43.1,0.2507,77.2,0.00116,0.5616,0.3772,0.0612
1529600100,0.4219,41.7,0.2842,71.1,0.00145,0.489,0.3294,0.1815
1529600400,0.4509,41.3,0.2962,79.2,0.00212,0.4897,0.3217,0.1885
1529600700,0.4639,41.0,0.3014,81.8,0.00108,0.4662,0.3029,0.2309
1529601000,0.443,40.7,0.29,66.8,0.00115,0.4739,0.3102,0.2159
1529601300,0.4553,41.1,0.2875,83.7,0.00209,0.4882,0.3082,0.2036
1529601600,0.4304,44.6,0.2809,72.6,0.00114,0.4628,0.3021,0.2351
1529601900,0.4127,45.9,0.2697,74.6,0.00102,0.4845,0.3166,0.1989
1529602200,0.4621,39.9,0.2918,74.1,0.0014,0.4789,0.3024,0.2187
1529602500,0.4925,40.2,0.317,83.5,0.00156,0.448,0.2884,0.2636
1529602800,0.5014,41.2,0.3108,77.1,0.00112,0.4537,0.2812,0.265
1529603100,0.4648,42.7,0.2871,73.2,0.0015,0.4602,0.2843,0.2555
1529603400,0.4793,40.8,0.2908,76.6,0.00106,0.48,0.2912,0.2288
1529603700,0.4555,41.3,0.2854,76.7,0.00136,0.4554,0.2853,0.2593
1529604000,0.4056,40.1,0.2676,73.2,0.00107,0.5212,0.3439,0.1349
1529604300,0.4306,39.0,0.2773,76.2,0.00105,0.5141,0.3311,0.1548
1529604600,0.4503,39.2,0.2854,79.3,0.00128,0.5045,0.3198,0.1757
1529604900,0.4434,40.4,0.2779,71.0,0.00168,0.5032,0.3154,0.1814
1529605200,0.4258,39.4,0.2679,79.8,0.00198,0.5171,0.3253,0.1576
1529605500,0.431,42.2,0.2741,78.5,0.00153,0.5009,0.3186,0.1805
1529605800,0.4317,43.5,0.2727,81.0,0.00141,0.5141,0.3248,0.1611
1529606100,0.4525,41.4,0.2709,71.7,0.00169,0.5221,0.3126,0.1653
1529606400,0.4398,41.5,0.2687,81.0,0.00134,0.5018,0.3066,0.1917
1529606700,0.4211,40.2,0.2663,79.8,0.00137,0.5033,0.3183,0.1785
1529607000,0.4136,38.8,0.2639,66.9,0.00141,0.4936,0.3149,0.1915
1529607300,0.4273,38.5,0.263,72.6,0.00136,0.5177,0.3187,0.1636
1529607600,0.4034,40.6,0.258,69.8,0.00101,0.513,0.3281,0.159
1529607900,0.3875,40.1,0.2544,72.1,0.00104,0.5332,0.3501,0.1167
1529608200,0.3999,39.4,0.2513,68.8,0.00168,0.5744,0.3609,0.0647
1529608500,0.402,38.5,0.2573,60.1,0.00121,0.584,0.3738,0.0422
1529608800,0.3878,39.8,0.2582,64.5,0.00155,0.5295,0.3525,0.118
1529609100,0.4057,42.3,0.2794,65.7,0.00117,0.4809,0.3312,0.188
1529609400,0.394,42.0,0.2753,63.2,0.00136,0.502,0.3508,0.1472
1529609700,0.3822,42.0,0.2711,62.5,0.00155,0.462,0.3277,0.2104
1529610000,0.3722,41.8,0.2665,67.2,0.0014,0.4855,0.3476,0.1669
1529610300,0.3981,42.7,0.2719,74.3,0.00125,0.4836,0.3303,0.1861
1529610600,0.4123,44.0,0.2719,75.8,0.00109,0.484,0.3192,0.1968
1529610900,0.4044,43.7,0.2741,75.0,0.00134,0.4794,0.325,0.1956
1529611200,0.3742,43.1,0.2641,62.5,0.00117,0.5249,0.3705,0.1046
1529611500,0.4056,43.3,0.2745,72.0,0.00137,0.4252,0.2877,0.2871
1529611800,0.4166,45.1,0.2787,69.8,0.00111,0.4211,0.2817,0.2971
1529612100,0.4143,44.0,0.2799,79.3,0.00174,0.4334,0.2928,0.2737
1529612400,0.4618,44.7,0.3111,76.3,0.00154,0.3905,0.2631,0.3464
1529612700,0.5061,44.9,0.3394,85.2,0.0013,0.3693,0.2476,0.3831
1529613000,0.4823,43.3,0.3476,79.3,0.00176,0.3646,0.2628,0.3725
1529613300,0.4872,42.7,0.3627,82.5,0.00102,0.3619,0.2694,0.3686
1529613600,0.5189,42.8,0.3739,82.8,0.00158,0.3653,0.2632,0.3715
1529613900,0.5277,42.7,0.371,80.7,0.00198,0.3685,0.2591,0.3724
1529614200,0.5136,41.3,0.3695,77.0,0.00145,0.3639,0.2618,0.3743
1529614500,0.5066,40.5,0.3706,90.3,0.00127,0.36,0.2634,0.3766
1529614800,0.5122,41.2,0.3683,80.5,0.00155,0.3618,0.2602,0.378
1529615100,0.5171,40.6,0.3723,80.1,0.00188,0.3602,0.2593,0.3805
1529615400,0.5239,40.8,0.3772,89.6,0.00172,0.3627,0.2612,0.3761
1529615700,0.5167,41.6,0.3751,77.6,0.00172,0.359,0.2606,0.3804
1529616000,0.5362,42.0,0.3807,82.1,0.0024,0.3623,0.2573,0.3804
1529616300,0.5394,41.6,0.3675,80.8,0.00273,0.3722,0.2536,0.3743
1529616600,0.5249,40.0,0.3554,82.7,0.00232,0.388,0.2627,0.3494
1529616900,0.5142,40.6,0.3443,75.7,0.00207,0.3845,0.2574,0.3581
1529617200,0.5196,41.2,0.3384,77.0,0.00182,0.4024,0.2621,0.3356
1529617500,0.4828,41.2,0.3139,80.2,0.00112,0.4158,0.2703,0.3139
1529617800,0.4692,41.1,0.3069,66.6,0.00114,0.4289,0.2805,0.2906
1529618100,0.4715,41.1,0.3024,70.3,0.00117,0.4489,0.2879,0.2632
1529618400,0.4455,41.0,0.2909,71.5,0.00226,0.4768,0.3113,0.2119
1529618700,0.4414,42.9,0.2851,71.1,0.00101,0.4729,0.3055,0.2216
1529619000,0.4377,45.5,0.2796,65.0,0.00145,0.5073,0.3241,0.1687
1529619300,0.4534,50.2,0.2822,73.7,0.00102,0.4783,0.2977,0.224
1529619600,0.4385,52.7,0.2794,77.3,0.00112,0.4899,0.3121,0.198
1529619900,0.4409,51.5,0.276,76.3,0.00106,0.4975,0.3114,0.191
1529620200,0.4388,51.4,0.2769,76.2,0.00104,0.4793,0.3025,0.2182
1529620500,0.4538,52.1,0.286,73.7,0.00136,0.4661,0.2937,0.2402
1529620800,0.4602,51.4,0.2848,78.7,0.00139,0.4765,0.2949,0.2286
1529621100,0.4287,50.4,0.2796,65.8,0.00228,0.4833,0.3152,0.2015
1529621400,0.441,51.1,0.2818,70.5,0.00158,0.4616,0.295,0.2434
1529621700,0.4373,53.8,0.2799,83.5,0.00117,0.464,0.297,0.2391
1529622000,0.4459,52.9,0.276,77.2,0.00105,0.4815,0.298,0.2205
1529622300,0.4456,51.7,0.2746,73.9,0.00206,0.4989,0.3074,0.1936
1529622600,0.4523,51.3,0.2793,77.4,0.00102,0.5,0.3088,0.1912
1529622900,0.4514,49.3,0.2774,70.5,0.00193,0.5075,0.3119,0.1806
1529623200,0.4592,50.9,0.2797,85.0,0.00105,0.4771,0.2906,0.2323
1529623500,0.4624,51.8,0.2786,75.7,0.00106,0.4669,0.2813,0.2518
1529623800,0.471,54.3,0.2853,70.4,0.00203,0.4398,0.2664,0.2938
1529624100,0.469,55.0,0.2866,78.9,0.00111,0.4448,0.2718,0.2834
1529624400,0.4504,51.8,0.2825,76.2,0.00124,0.4568,0.2865,0.2566
1529624700,0.4383,49.1,0.2832,75.4,0.00102,0.455,0.294,0.2509
1529625000,0.4677,47.6,0.3013,83.0,0.00141,0.4213,0.2714,0.3073
1529625300,0.4746,49.4,0.3093,71.9,0.00112,0.4319,0.2815,0.2866
1529625600,0.4969,52.1,0.3095,80.2,0.001,0.4395,0.2737,0.2868
1529625900,0.4996,55.3,0.3146,84.8,0.00147,0.4269,0.2688,0.3043
1529626200,0.4942,55.0,0.3166,80.8,0.00128,0.4242,0.2718,0.304
1529626500,0.4845,55.2,0.3141,84.0,0.00112,0.4146,0.2688,0.3167
1529626800,0.4902,56.8,0.3153,84.8,0.00139,0.4184,0.2691,0.3124
1529627100,0.4894,57.2,0.3189,77.2,0.00112,0.4174,0.272,0.3107
1529627400,0.4987,57.3,0.3179,75.4,0.00131,0.4204,0.268,0.3116
1529627700,0.5017,56.4,0.3064,85.1,0.00219,0.4536,0.277,0.2694
1529628000,0.5098,56.4,0.3049,76.2,0.00134,0.4626,0.2766,0.2608
1529628300,0.52,56.3,0.3098,81.1,0.00202,0.46,0.2741,0.2659
1529628600,0.5196,55.9,0.3137,80.4,0.0021,0.4468,0.2698,0.2834
1529628900,0.5277,55.7,0.3179,83.0,0.00202,0.4454,0.2683,0.2863
1529629200,0.5201,55.5,0.3165,79.6,0.00207,0.444,0.2702,0.2858
1529629500,0.5137,51.8,0.3135,83.8,0.00147,0.4527,0.2763,0.271
1529629800,0.503,51.2,0.313,76.6,0.00112,0.4494,0.2796,0.271
1529630100,0.5036,50.2,0.3057,84.0,0.00128,0.4741,0.2878,0.2382
1529630400,0.504,49.7,0.3054,87.5,0.00209,0.4613,0.2795,0.2592
1529630700,0.5013,51.3,0.3083,80.1,0.00113,0.458,0.2816,0.2604
1529631000,0.5028,52.1,0.3078,89.1,0.00124,0.4649,0.2846,0.2505
1529631300,0.5082,53.3,0.3107,84.6,0.00148,0.458,0.28,0.262
1529631600,0.4988,55.0,0.3088,80.9,0.00135,0.4344,0.2689,0.2967
1529631900,0.5099,56.4,0.3105,72.2,0.00171,0.4361,0.2656,0.2983
1529632200,0.5117,57.3,0.3105,86.2,0.00163,0.4311,0.2616,0.3073
1529632500,0.5257,55.7,0.3051,86.8,0.0021,0.442,0.2565,0.3015
1529632800,0.4904,55.4,0.303,72.7,0.00145,0.4032,0.2491,0.3476
1529633100,0.4709,58.6,0.3027,78.8,0.00118,0.3925,0.2523,0.3551
1529633400,0.4674,55.2,0.2967,78.1,0.00105,0.409,0.2596,0.3314
1529633700,0.4143,48.7,0.2963,73.0,0.00152,0.3551,0.254,0.391
1529634000,0.4103,48.4,0.2922,76.7,0.00149,0.3511,0.2501,0.3988
1529634300,0.4233,46.9,0.3011,84.3,0.00158,0.3572,0.2541,0.3887
1529634600,0.4002,43.3,0.2972,77.6,0.00138,0.3646,0.2708,0.3646
1529634900,0.3983,48.7,0.3,71.7,0.0011,0.3487,0.2626,0.3886
1529635200,0.4184,51.1,0.3039,67.4,0.00105,0.3433,0.2493,0.4074
1529635500,0.4251,51.6,0.306,76.2,0.0019,0.3379,0.2432,0.4189
1529635800,0.4259,51.9,0.3074,79.1,0.00106,0.3286,0.2372,0.4342
1529636100,0.4043,51.9,0.308,69.4,0.00125,0.3128,0.2383,0.4488
1529636400,0.4206,51.9,0.3116,81.6,0.00101,0.3216,0.2383,0.4402
1529636700,0.4607,50.9,0.312,68.2,0.00108,0.3462,0.2344,0.4194
1529637000,0.4336,51.2,0.3153,81.7,0.00201,0.3281,0.2386,0.4333
1529637300,0.418,49.7,0.3093,75.2,0.0011,0.3215,0.2379,0.4406
1529637600,0.4177,49.9,0.3084,80.0,0.00105,0.3178,0.2347,0.4475
1529637900,0.4378,51.1,0.311,76.9,0.00114,0.3239,0.2301,0.4461
1529638200,0.4426,52.3,0.314,65.5,0.00227,0.3249,0.2305,0.4447
1529638500,0.4294,53.3,0.3098,82.5,0.00121,0.322,0.2323,0.4456
1529638800,0.4402,53.7,0.3082,81.9,0.00121,0.3308,0.2316,0.4376
1529639100,0.4361,53.7,0.3127,76.4,0.00108,0.3251,0.2331,0.4418
1529639400,0.4308,54.4,0.3105,69.9,0.00139,0.3305,0.2382,0.4314
1529639700,0.4362,55.3,0.3108,75.7,0.00133,0.3314,0.2361,0.4325
1529640000,0.5002,57.4,0.3178,75.8,0.0021,0.3591,0.2281,0.4128
1529640300,0.507,59.4,0.3235,88.9,0.00137,0.3815,0.2434,0.375
1529640600,0.4976,60.5,0.3214,75.6,0.00153,0.3939,0.2544,0.3517
1529640900,0.4946,63.0,0.321,75.3,0.00156,0.4006,0.26,0.3395
1529641200,0.4955,62.9,0.3195,84.2,0.00155,0.4069,0.2624,0.3307
1529641500,0.4961,63.4,0.3223,82.1,0.00142,0.4071,0.2645,0.3285
1529641800,0.4981,62.7,0.3254,83.5,0.00118,0.4085,0.2669,0.3246
1529642100,0.498,61.2,0.324,90.4,0.00199,0.4153,0.2702,0.3146
1529642400,0.4877,59.9,0.3237,82.0,0.00101,0.4149,0.2754,0.3097
1529642700,0.4881,59.9,0.3226,76.4,0.00112,0.417,0.2756,0.3074
1529643000,0.4918,60.4,0.3243,71.2,0.00132,0.4183,0.2758,0.3059
1529643300,0.4902,59.9,0.3237,81.4,0.00122,0.4203,0.2775,0.3021
1529643600,0.4885,60.0,0.322,89.3,0.0011,0.4237,0.2793,0.2971
1529643900,0.4976,59.6,0.3247,84.8,0.00125,0.4287,0.2798,0.2915
1529644200,0.5071,58.5,0.3275,75.2,0.00189,0.4348,0.2808,0.2844
1529644500,0.495,56.9,0.3266,80.1,0.00101,0.4342,0.2865,0.2793
1529644800,0.4963,55.9,0.3263,81.9,0.00191,0.4355,0.2863,0.2782
1529645100,0.5041,54.6,0.3258,82.9,0.00141,0.4397,0.2842,0.2761
1529645400,0.5122,54.0,0.3278,78.3,0.0014,0.4412,0.2823,0.2765
1529645700,0.5085,52.8,0.3274,77.3,0.00129,0.444,0.2859,0.2701
1529646000,0.5006,51.6,0.325,74.4,0.00161,0.4471,0.2903,0.2626
1529646300,0.4995,51.2,0.3243,83.5,0.0016,0.4479,0.2908,0.2614
1529646600,0.503,51.6,0.3235,73.9,0.00138,0.4499,0.2893,0.2608
1529646900,0.5054,49.9,0.3203,80.4,0.00185,0.4608,0.292,0.2472
1529647200,0.506,52.4,0.3206,78.4,0.0022,0.4582,0.2903,0.2514
1529647500,0.4992,54.3,0.321,88.0,0.00142,0.4497,0.2892,0.2611
1529647800,0.496,55.7,0.3204,79.9,0.00112,0.4451,0.2875,0.2674
1529648100,0.4987,57.1,0.3207,81.9,0.00119,0.4438,0.2854,0.2708
1529648400,0.4998,58.3,0.3221,73.1,0.00131,0.4395,0.2832,0.2773
1529648700,0.4996,58.5,0.3207,83.9,0.00131,0.4396,0.2822,0.2782
1529649000,0.4968,59.2,0.3211,83.2,0.00122,0.4361,0.2819,0.282
1529649300,0.5001,57.7,0.3189,88.4,0.0014,0.4418,0.2817,0.2765
1529649600,0.4983,57.4,0.3203,82.3,0.00165,0.4406,0.2832,0.2763
1529649900,0.4954,57.3,0.3194,78.1,0.0014,0.4403,0.2839,0.2758
1529650200,0.4993,57.1,0.3202,75.1,0.00151,0.4422,0.2836,0.2742
1529650500,0.4978,55.9,0.3204,88.2,0.00136,0.4425,0.2848,0.2728
1529650800,0.4945,55.8,0.3201,77.1,0.00127,0.4387,0.284,0.2773
1529651100,0.5003,55.9,0.3212,77.6,0.00114,0.4374,0.2808,0.2818
1529651400,0.4998,55.8,0.3228,84.9,0.00107,0.4332,0.2798,0.287
1529651700,0.4929,55.7,0.3224,79.8,0.00135,0.4286,0.2804,0.291
1529652000,0.4938,57.0,0.3226,77.7,0.00167,0.4263,0.2785,0.2951
1529652300,0.4988,58.1,0.3239,82.1,0.00122,0.4268,0.2772,0.296
1529652600,0.5018,58.0,0.3251,78.7,0.00152,0.4301,0.2786,0.2913
1529652900,0.5031,56.3,0.3223,79.6,0.00124,0.4464,0.286,0.2675
1529653200,0.497,56.5,0.3204,76.0,0.00136,0.4507,0.2906,0.2587
1529653500,0.4918,56.7,0.3204,77.4,0.00104,0.4489,0.2925,0.2586
1529653800,0.4867,57.4,0.3184,83.5,0.00114,0.4463,0.2919,0.2618
1529654100,0.4977,57.5,0.3184,87.1,0.00107,0.4488,0.2871,0.2641
1529654400,0.5055,57.0,0.3214,82.9,0.0013,0.4497,0.2859,0.2644
1529654700,0.4983,58.1,0.3216,84.6,0.00109,0.4463,0.288,0.2657
1529655000,0.4997,58.0,0.3224,80.4,0.0012,0.4443,0.2867,0.269
1529655300,0.5061,57.4,0.3244,83.7,0.00142,0.4448,0.2851,0.2702
1529655600,0.4984,56.4,0.3238,77.4,0.00117,0.443,0.2878,0.2693
1529655900,0.5007,56.4,0.3239,82.2,0.0015,0.443,0.2866,0.2704
1529656200,0.5039,56.8,0.3263,83.0,0.00115,0.4424,0.2865,0.2711
1529656500,0.4951,54.4,0.3217,72.1,0.00157,0.4517,0.2935,0.2548
1529656800,0.4895,55.0,0.3181,82.2,0.00114,0.4526,0.2941,0.2533
1529657100,0.4933,55.7,0.3185,74.9,0.00119,0.453,0.2925,0.2545
1529657400,0.4968,55.8,0.3186,87.5,0.00125,0.454,0.2912,0.2548
1529657700,0.4971,55.5,0.3182,76.4,0.00164,0.4546,0.291,0.2543
1529658000,0.4954,56.1,0.3207,78.2,0.00136,0.4484,0.2903,0.2613
1529658300,0.4927,56.0,0.3221,84.5,0.00197,0.4438,0.2901,0.2661
1529658600,0.4828,54.8,0.3202,73.0,0.00158,0.4412,0.2926,0.2662
1529658900,0.4896,55.7,0.3191,73.9,0.00158,0.4432,0.2889,0.2679
1529659200,0.4975,56.5,0.3219,82.7,0.00103,0.4432,0.2867,0.2701
1529659500,0.4914,55.8,0.3217,75.4,0.00132,0.4394,0.2877,0.2729
1529659800,0.4797,55.9,0.3208,88.8,0.00112,0.4353,0.2911,0.2735
1529660100,0.477,54.3,0.3164,75.3,0.00112,0.4393,0.2914,0.2693
1529660400,0.4712,54.4,0.3133,78.8,0.00108,0.4386,0.2916,0.2697
1529660700,0.4747,56.0,0.3128,81.3,0.00178,0.439,0.2893,0.2717
1529661000,0.4839,57.7,0.3153,81.7,0.00162,0.4371,0.2848,0.2781
1529661300,0.4819,58.6,0.3167,77.8,0.00162,0.4291,0.282,0.2888
1529661600,0.4823,59.4,0.3168,86.4,0.00119,0.4268,0.2803,0.2929
1529661900,0.4796,59.1,0.315,84.6,0.00162,0.4221,0.2772,0.3007
1529662200,0.4814,60.1,0.314,69.8,0.00178,0.4172,0.2721,0.3107
1529662500,0.4901,60.8,0.316,71.1,0.0012,0.4203,0.271,0.3086
1529662800,0.4899,58.9,0.3163,76.0,0.00163,0.4198,0.271,0.3091
1529663100,0.4964,56.8,0.3158,80.1,0.00146,0.4328,0.2753,0.2919
1529663400,0.4953,56.8,0.3159,81.0,0.00111,0.4347,0.2773,0.288
1529663700,0.4897,57.6,0.3146,86.6,0.00111,0.4327,0.278,0.2894
1529664000,0.4825,57.5,0.3132,78.4,0.00106,0.4319,0.2804,0.2877
1529664300,0.4739,57.5,0.3119,82.7,0.00114,0.4278,0.2815,0.2907
1529664600,0.4711,57.5,0.3125,77.8,0.00116,0.4232,0.2807,0.2961
1529664900,0.4809,57.7,0.314,84.8,0.00173,0.424,0.2768,0.2992
1529665200,0.4815,57.4,0.317,86.0,0.0015,0.4166,0.2742,0.3092
1529665500,0.4911,57.3,0.3189,78.5,0.00116,0.4172,0.2709,0.3119
1529665800,0.4904,58.4,0.3193,77.5,0.00152,0.4149,0.2701,0.315
1529666100,0.4986,59.4,0.3207,72.3,0.00174,0.4175,0.2686,0.3139
1529666400,0.4988,59.7,0.3199,92.1,0.00142,0.4198,0.2692,0.311
1529666700,0.4986,60.8,0.3188,84.6,0.00122,0.4195,0.2682,0.3123
1529667000,0.501,60.9,0.3184,83.0,0.00123,0.4181,0.2657,0.3163
1529667300,0.4958,59.0,0.3157,74.3,0.00102,0.4223,0.2689,0.3087
1529667600,0.5003,58.4,0.3143,77.8,0.00106,0.4289,0.2695,0.3016
1529667900,0.4978,57.9,0.3148,76.2,0.00161,0.4295,0.2716,0.2989
1529668200,0.4876,58.5,0.3159,74.5,0.00157,0.424,0.2747,0.3014
1529668500,0.4831,58.7,0.3145,82.3,0.0014,0.4205,0.2737,0.3058
1529668800,0.4859,60.1,0.3164,76.2,0.0011,0.4163,0.2711,0.3126
1529669100,0.4848,61.2,0.3186,78.7,0.00238,0.4129,0.2713,0.3158
1529669400,0.477,61.6,0.3187,75.6,0.0015,0.4092,0.2734,0.3174
1529669700,0.4769,61.6,0.3183,85.9,0.00101,0.4067,0.2714,0.3219
1529670000,0.4729,60.9,0.3194,81.1,0.00121,0.4022,0.2716,0.3262
1529670300,0.4675,60.1,0.3162,69.3,0.00158,0.4025,0.2722,0.3253
1529670600,0.4927,60.2,0.3175,83.1,0.00124,0.4112,0.265,0.3238
1529670900,0.498,60.6,0.3185,87.5,0.00142,0.4127,0.2639,0.3234
1529671200,0.4906,59.8,0.3153,78.6,0.00162,0.4169,0.2679,0.3152
1529671500,0.4967,58.9,0.3136,79.1,0.00155,0.4204,0.2654,0.3142
1529671800,0.4867,58.5,0.3139,78.2,0.00134,0.4128,0.2663,0.3209
1529672100,0.4906,59.5,0.3141,75.6,0.00151,0.4099,0.2624,0.3277
1529672400,0.5062,61.3,0.3171,80.4,0.00156,0.4128,0.2586,0.3285
1529672700,0.4963,61.3,0.3182,80.7,0.00201,0.407,0.261,0.332
1529673000,0.4722,61.0,0.3148,82.5,0.00131,0.3963,0.2642,0.3395
1529673300,0.4545,60.7,0.3112,70.6,0.00186,0.3857,0.2641,0.3502
1529673600,0.4417,58.6,0.3053,75.0,0.00122,0.3729,0.2577,0.3694
1529673900,0.4258,55.4,0.3008,73.2,0.00122,0.3503,0.2475,0.4022
1529674200,0.3734,52.4,0.2959,70.8,0.00116,0.3252,0.2577,0.4171
1529674500,0.3434,49.4,0.2941,60.3,0.00127,0.294,0.2518,0.4542
1529674800,0.3493,50.5,0.2945,65.0,0.00168,0.2871,0.2421,0.4709
1529675100,0.3597,54.4,0.2963,73.3,0.00153,0.2822,0.2325,0.4853
1529675400,0.3745,54.8,0.2988,70.1,0.00141,0.2885,0.2302,0.4814
1529675700,0.3626,54.7,0.2995,66.6,0.00115,0.2778,0.2295,0.4927
1529676000,0.3677,54.9,0.2953,64.5,0.00197,0.2863,0.2299,0.4838
1529676300,0.3648,54.2,0.2914,64.6,0.00141,0.2872,0.2294,0.4833
1529676600,0.359,55.5,0.298,60.6,0.00132,0.2754,0.2286,0.496
1529676900,0.3398,55.4,0.2956,76.6,0.00133,0.2669,0.2322,0.5009
1529677200,0.3334,52.8,0.3031,62.9,0.00123,0.2513,0.2285,0.5202
1529677500,0.336,53.5,0.3024,68.2,0.00128,0.2519,0.2268,0.5213
1529677800,0.3579,54.4,0.3022,71.1,0.00154,0.2643,0.2231,0.5126
1529678100,0.3949,55.0,0.3104,64.6,0.00134,0.2815,0.2213,0.4972
1529678400,0.3864,56.0,0.3018,76.3,0.00104,0.2877,0.2247,0.4875
1529678700,0.3794,56.3,0.2921,65.9,0.00101,0.2955,0.2275,0.4769
1529679000,0.4238,40.2,0.2563,78.4,0.00112,0.5365,0.3244,0.1391
1529679300,0.4125,43.0,0.259,78.6,0.00109,0.4982,0.3128,0.1889
1529679600,0.4406,44.6,0.2554,68.7,0.00265,0.4627,0.2682,0.2691
1529679900,0.4206,43.6,0.2523,71.5,0.00158,0.468,0.2807,0.2513
1529680200,0.4355,41.3,0.2521,78.1,0.00135,0.5261,0.3045,0.1694
1529680500,0.4183,45.1,0.2539,80.1,0.00184,0.4599,0.2791,0.261
1529680800,0.3676,45.3,0.2542,66.4,0.00147,0.4697,0.3248,0.2055
1529681100,0.3773,36.6,0.2451,68.5,0.00133,0.5094,0.3309,0.1596
1529681400,0.3694,36.5,0.2478,63.7,0.00173,0.5459,0.3662,0.0879
1529681700,0.3763,36.7,0.25,69.5,0.00139,0.5705,0.379,0.0505
1529682000,0.3631,36.8,0.2481,60.7,0.00169,0.5558,0.3798,0.0644
1529682300,0.3543,37.1,0.2461,70.9,0.00115,0.5503,0.3823,0.0674
1529682600,0.3742,37.0,0.2499,69.9,0.00144,0.5388,0.3598,0.1014
1529682900,0.3816,36.9,0.2545,72.6,0.00214,0.484,0.3228,0.1932
1529683200,0.3651,37.3,0.2468,60.0,0.00106,0.51,0.3448,0.1452
1529683500,0.3625,37.4,0.245,74.0,0.00145,0.4805,0.3248,0.1947
1529683800,0.3594,38.7,0.2472,67.5,0.00156,0.4889,0.3363,0.1748
1529684100,0.3708,38.8,0.2498,74.0,0.00213,0.4185,0.282,0.2995
1529684400,0.435,40.3,0.2699,71.6,0.00112,0.4318,0.2679,0.3003
1529684700,0.4521,47.6,0.2749,76.4,0.00105,0.4087,0.2485,0.3429
1529685000,0.4527,46.9,0.2683,73.8,0.00167,0.4252,0.252,0.3228
1529685300,0.4462,48.8,0.2689,67.6,0.00126,0.4521,0.2725,0.2754
1529685600,0.4227,45.7,0.2645,75.7,0.00131,0.5037,0.3152,0.1811
1529685900,0.4135,43.7,0.2548,77.3,0.00185,0.5587,0.3443,0.097
1529686200,0.4287,42.3,0.2601,74.0,0.00144,0.5482,0.3326,0.1191
1529686500,0.4933,43.7,0.301,76.3,0.00172,0.4777,0.2915,0.2308
1529686800,0.5249,48.4,0.3211,89.0,0.00218,0.4508,0.2758,0.2734
1529687100,0.5201,54.8,0.3249,84.4,0.00188,0.4477,0.2797,0.2726
1529687400,0.5014,51.2,0.3192,68.0,0.0013,0.4546,0.2894,0.256
1529687700,0.4861,46.9,0.31,82.8,0.0015,0.4765,0.3039,0.2196
1529688000,0.5186,45.5,0.3273,84.8,0.00221,0.4499,0.284,0.2661
1529688300,0.5312,43.1,0.33,85.8,0.00278,0.4453,0.2766,0.278
1529688600,0.4864,43.1,0.3173,80.5,0.0014,0.4434,0.2893,0.2673
1529688900,0.5087,43.3,0.3329,87.0,0.00127,0.4494,0.2941,0.2564
1529689200,0.5509,43.9,0.3493,87.1,0.00332,0.425,0.2694,0.3056
1529689500,0.5626,42.6,0.3608,87.1,0.00363,0.4047,0.2595,0.3358
1529689800,0.55,41.0,0.3588,82.6,0.00254,0.4029,0.2628,0.3343
1529690100,0.4572,41.4,0.3181,67.5,0.00135,0.4229,0.2942,0.2828
1529690400,0.3875,44.3,0.2859,65.9,0.00151,0.4459,0.329,0.225
1529690700,0.4386,51.8,0.3097,72.5,0.00104,0.421,0.2973,0.2818
1529691000,0.478,53.7,0.3161,80.9,0.00102,0.4109,0.2717,0.3173
1529691300,0.4916,55.3,0.3367,78.6,0.00101,0.388,0.2657,0.3462
1529691600,0.4933,56.3,0.3336,74.9,0.00154,0.3917,0.2649,0.3434
1529691900,0.4965,54.3,0.3415,77.8,0.00161,0.3824,0.263,0.3547
1529692200,0.4979,54.5,0.3388,76.2,0.00106,0.3809,0.2592,0.3599
1529692500,0.4544,54.5,0.3281,78.6,0.00137,0.376,0.2715,0.3525
1529692800,0.4742,54.8,0.3393,70.8,0.00115,0.3744,0.2679,0.3577
1529693100,0.4493,55.2,0.3205,76.5,0.00151,0.3781,0.2697,0.3522
1529693400,0.4763,56.1,0.3251,72.6,0.00152,0.3857,0.2633,0.3511
1529693700,0.4417,56.8,0.3048,81.3,0.0012,0.3947,0.2724,0.3329
1529694000,0.428,58.9,0.2989,83.4,0.00101,0.4014,0.2803,0.3183
1529694300,0.4049,59.9,0.2937,74.7,0.00122,0.3914,0.2839,0.3247
1529694600,0.4633,61.7,0.3247,74.3,0.00112,0.3982,0.2791,0.3227
1529694900,0.4944,60.7,0.3381,73.3,0.00185,0.4043,0.2765,0.3192
1529695200,0.4572,63.9,0.3256,85.9,0.00149,0.3661,0.2607,0.3732
1529695500,0.4644,63.6,0.322,75.3,0.00145,0.3766,0.2611,0.3623
1529695800,0.4895,62.8,0.3283,77.6,0.00106,0.3834,0.2572,0.3594
1529696100,0.4667,62.0,0.3251,81.3,0.00149,0.3675,0.256,0.3766
1529696400,0.4281,62.9,0.3212,73.3,0.00105,0.3511,0.2635,0.3854
1529696700,0.4644,62.6,0.3301,71.4,0.0022,0.3662,0.2603,0.3736
1529697000,0.4709,62.1,0.3399,72.6,0.0013,0.3625,0.2617,0.3758
1529697300,0.479,62.0,0.3377,74.7,0.00164,0.3721,0.2623,0.3656
1529697600,0.4746,62.1,0.3236,77.1,0.00111,0.3779,0.2576,0.3645
1529697900,0.4833,62.8,0.3277,88.3,0.00149,0.381,0.2584,0.3606
1529698200,0.4561,64.2,0.328,81.6,0.00149,0.3638,0.2616,0.3746
1529698500,0.4556,63.8,0.3358,81.6,0.00158,0.3555,0.262,0.3825
1529698800,0.451,62.4,0.3349,78.1,0.00169,0.3553,0.2638,0.3809
1529699100,0.4679,62.2,0.3492,87.8,0.00125,0.3482,0.2599,0.392
1529699400,0.4755,62.0,0.3532,74.5,0.00105,0.3488,0.2591,0.392
1529699700,0.4405,59.0,0.338,74.7,0.00115,0.3399,0.2608,0.3993
1529700000,0.4788,59.1,0.3579,83.3,0.00121,0.3498,0.2615,0.3888
1529700300,0.472,59.3,0.3516,74.7,0.00183,0.3459,0.2577,0.3964
1529700600,0.4567,58.2,0.3467,70.2,0.00121,0.3453,0.2621,0.3926
1529700900,0.4723,59.1,0.3537,77.0,0.00198,0.3479,0.2606,0.3915
1529701200,0.4635,58.3,0.3538,72.3,0.00124,0.3416,0.2608,0.3976
1529701500,0.4838,59.0,0.3583,87.1,0.00109,0.3443,0.255,0.4006
1529701800,0.4746,57.5,0.3585,76.3,0.00194,0.3444,0.2602,0.3954
1529702100,0.4692,57.3,0.3641,80.8,0.00169,0.338,0.2623,0.3998
1529702400,0.4722,57.7,0.3666,79.2,0.00133,0.3371,0.2617,0.4012
1529702700,0.4582,57.7,0.3585,71.8,0.00179,0.3323,0.26,0.4077
1529703000,0.465,57.7,0.3527,72.7,0.0018,0.3405,0.2583,0.4012
1529703300,0.4597,56.0,0.3447,83.7,0.00125,0.3421,0.2565,0.4014
1529703600,0.4585,55.6,0.3496,75.3,0.00129,0.3377,0.2575,0.4048
1529703900,0.4669,56.5,0.3485,79.5,0.00139,0.34,0.2538,0.4062
1529704200,0.4539,56.2,0.3366,74.1,0.00174,0.3371,0.25,0.413
1529704500,0.4573,55.7,0.3229,65.7,0.00129,0.3644,0.2573,0.3783
1529704800,0.45,57.8,0.3205,79.5,0.00122,0.3672,0.2615,0.3713
1529705100,0.4441,59.0,0.3199,82.3,0.00112,0.3553,0.2559,0.3888
1529705400,0.4451,59.9,0.3203,81.8,0.00188,0.358,0.2576,0.3844
1529705700,0.4243,59.0,0.2985,75.3,0.00116,0.3665,0.2578,0.3757
1529706000,0.4204,61.2,0.2939,65.8,0.00129,0.368,0.2572,0.3748
1529706300,0.4122,62.3,0.2932,77.0,0.00135,0.3621,0.2576,0.3803
1529706600,0.3917,61.8,0.2881,63.2,0.00115,0.3774,0.2776,0.345
1529706900,0.4365,63.6,0.3076,69.6,0.00152,0.3649,0.2571,0.378
1529707200,0.4196,64.2,0.2998,64.7,0.0016,0.3506,0.2505,0.3989
1529707500,0.4694,63.3,0.3129,81.6,0.00137,0.367,0.2447,0.3883
1529707800,0.4545,67.1,0.3096,76.7,0.00121,0.3686,0.2511,0.3804
1529708100,0.4611,68.9,0.3118,76.4,0.00103,0.3731,0.2523,0.3746
1529708400,0.4658,67.6,0.3051,75.8,0.00138,0.3691,0.2417,0.3892
1529708700,0.4781,68.2,0.3079,67.3,0.00108,0.3935,0.2534,0.353
1529709000,0.4508,67.9,0.3018,73.1,0.00137,0.381,0.2551,0.3639
1529709300,0.4236,65.8,0.2901,66.6,0.00134,0.3989,0.2732,0.328
1529709600,0.4256,65.1,0.2897,69.9,0.00101,0.4145,0.2821,0.3033
1529709900,0.4312,66.2,0.2897,74.3,0.00155,0.4035,0.2711,0.3255
1529710200,0.427,65.4,0.2898,71.2,0.00167,0.4071,0.2763,0.3165
1529710500,0.4617,65.7,0.3092,75.1,0.00144,0.3848,0.2577,0.3575
1529710800,0.4696,68.2,0.3067,55.9,0.00167,0.3837,0.2506,0.3657
1529711100,0.4724,72.6,0.3014,87.5,0.00104,0.3891,0.2482,0.3627
1529711400,0.4867,74.6,0.3036,80.9,0.00191,0.3969,0.2476,0.3554
1529711700,0.4813,74.6,0.3006,85.7,0.0014,0.3991,0.2493,0.3517
1529712000,0.4923,74.0,0.311,74.1,0.00137,0.3869,0.2444,0.3687
1529712300,0.4786,70.2,0.3155,80.8,0.00124,0.3768,0.2484,0.3749
1529712600,0.4794,69.2,0.3179,81.2,0.00156,0.3839,0.2546,0.3616
1529712900,0.4734,70.7,0.3143,77.5,0.00182,0.381,0.253,0.366
1529713200,0.4756,71.6,0.318,76.7,0.00174,0.379,0.2534,0.3676
1529713500,0.4805,73.6,0.3218,71.7,0.00105,0.3744,0.2508,0.3748
1529713800,0.4685,73.9,0.3176,76.3,0.00127,0.3737,0.2533,0.373
1529714100,0.4974,74.3,0.317,82.3,0.00191,0.3959,0.2523,0.3517
1529714400,0.4767,75.0,0.3176,81.3,0.00133,0.3928,0.2617,0.3455
1529714700,0.4833,72.9,0.3146,75.2,0.00165,0.3961,0.2579,0.346
1529715000,0.4758,73.2,0.3173,75.5,0.00103,0.3898,0.26,0.3502
1529715300,0.4808,72.7,0.3166,76.0,0.00107,0.393,0.2588,0.3481
1529715600,0.4876,72.7,0.3176,80.0,0.00163,0.3944,0.2569,0.3487
1529715900,0.4902,73.6,0.3247,82.5,0.0014,0.3943,0.2612,0.3445
1529716200,0.4957,73.7,0.3247,79.4,0.00197,0.4028,0.2639,0.3333
1529716500,0.4833,73.2,0.3131,79.2,0.00107,0.4096,0.2653,0.3251
1529716800,0.4942,72.9,0.3138,79.2,0.00102,0.4092,0.2599,0.3309
1529717100,0.4888,72.4,0.3171,69.8,0.00101,0.412,0.2673,0.3208
1529717400,0.4892,71.4,0.3124,79.5,0.00191,0.42,0.2682,0.3117
1529717700,0.4897,71.0,0.3086,92.3,0.00129,0.4313,0.2718,0.2969
1529718000,0.4943,68.7,0.3176,78.6,0.00126,0.4174,0.2682,0.3144
1529718300,0.4872,66.2,0.3139,77.7,0.00131,0.422,0.2719,0.3061
1529718600,0.4719,66.8,0.3103,78.1,0.00142,0.4183,0.2751,0.3066
1529718900,0.4948,68.0,0.3131,78.2,0.00118,0.4185,0.2648,0.3166
1529719200,0.4876,65.9,0.3055,83.2,0.00161,0.4293,0.269,0.3018
1529719500,0.4815,66.7,0.301,69.9,0.00114,0.4349,0.2719,0.2932
1529719800,0.4838,66.3,0.302,74.3,0.00113,0.4332,0.2704,0.2964
1529720100,0.43,56.9,0.2976,79.4,0.00176,0.4094,0.2833,0.3073
1529720400,0.4322,59.2,0.299,71.7,0.00107,0.3977,0.2752,0.3271
1529720700,0.4303,57.4,0.3041,71.3,0.00142,0.3772,0.2666,0.3562
1529721000,0.4375,41.3,0.3013,78.9,0.00122,0.415,0.2858,0.2993
1529721300,0.4339,35.4,0.3037,73.4,0.00163,0.4174,0.2921,0.2905
1529721600,0.4554,36.1,0.309,78.8,0.00132,0.4141,0.281,0.3049
1529721900,0.4373,39.4,0.3095,84.4,0.00146,0.3946,0.2792,0.3262
1529722200,0.4233,40.3,0.3083,73.5,0.0012,0.377,0.2746,0.3484
1529722500,0.4303,39.4,0.3075,69.1,0.00223,0.374,0.2673,0.3587
1529722800,0.425,41.9,0.3085,81.1,0.00208,0.3615,0.2624,0.3761
1529723100,0.4133,42.7,0.3087,81.0,0.00152,0.3474,0.2595,0.3931
1529723400,0.4101,44.2,0.3105,74.1,0.00133,0.3393,0.2569,0.4038
1529723700,0.4162,45.9,0.3099,80.5,0.00115,0.3511,0.2614,0.3875
1529724000,0.435,48.8,0.3118,70.3,0.00171,0.3551,0.2545,0.3904
1529724300,0.4406,51.8,0.3132,72.3,0.00174,0.3519,0.2502,0.3979
1529724600,0.4381,53.5,0.3128,79.5,0.00139,0.3498,0.2498,0.4004
1529724900,0.4788,55.1,0.3153,78.1,0.00101,0.3686,0.2428,0.3886
1529725200,0.4676,56.9,0.3153,75.5,0.00128,0.3633,0.245,0.3917
1529725500,0.4551,56.9,0.3125,77.6,0.00235,0.3611,0.248,0.3909
1529725800,0.4195,46.9,0.2982,77.3,0.00145,0.3882,0.276,0.3358
1529726100,0.3967,33.1,0.2905,65.6,0.00109,0.4059,0.2972,0.2969
1529726400,0.3957,35.4,0.2945,66.8,0.00133,0.3652,0.2718,0.363
1529726700,0.3829,39.8,0.296,67.1,0.00117,0.3364,0.26,0.4036
1529727000,0.4164,43.2,0.3023,75.8,0.00128,0.3379,0.2453,0.4167
1529727300,0.4325,45.5,0.3039,72.3,0.00137,0.3386,0.2379,0.4234
1529727600,0.4477,45.4,0.3059,78.0,0.00185,0.3496,0.2389,0.4116
1529727900,0.4665,48.2,0.3085,71.7,0.00121,0.3553,0.235,0.4097
1529728200,0.4979,50.9,0.3116,81.1,0.00132,0.3702,0.2317,0.3982
1529728500,0.5285,56.8,0.3217,84.2,0.00212,0.383,0.2331,0.3839
1529728800,0.5169,58.6,0.3227,76.0,0.00175,0.3911,0.2442,0.3647
1529729100,0.5058,57.9,0.32,76.7,0.00124,0.4097,0.2592,0.3311
1529729400,0.4976,54.8,0.316,80.0,0.00144,0.4297,0.2729,0.2975
1529729700,0.4945,51.7,0.3159,79.6,0.00131,0.4384,0.28,0.2816
1529730000,0.4936,50.8,0.3165,86.4,0.00144,0.4441,0.2847,0.2712
1529730300,0.4918,52.4,0.3181,79.4,0.00138,0.4389,0.2839,0.2772
1529730600,0.4927,53.7,0.3159,80.7,0.00113,0.4456,0.2857,0.2687
1529730900,0.4918,53.7,0.3152,72.5,0.00101,0.4464,0.2861,0.2675
1529731200,0.4974,52.0,0.3152,80.0,0.001,0.4523,0.2866,0.2611
1529731500,0.4962,51.1,0.3156,77.4,0.00108,0.4511,0.2869,0.262
1529731800,0.5006,51.7,0.3183,81.5,0.00116,0.4549,0.2893,0.2558
1529732100,0.4983,50.3,0.3172,81.7,0.00108,0.4592,0.2923,0.2484
1529732400,0.4847,48.4,0.3147,80.4,0.00164,0.4568,0.2966,0.2466
1529732700,0.4882,47.7,0.3146,80.1,0.00123,0.4555,0.2935,0.251
1529733000,0.4915,48.1,0.3152,71.4,0.00106,0.4553,0.292,0.2526
1529733300,0.4919,48.0,0.3161,73.5,0.00118,0.4557,0.2928,0.2515
1529733600,0.4942,48.7,0.3153,86.6,0.00124,0.4566,0.2913,0.2521
1529733900,0.4898,48.7,0.3167,78.2,0.00123,0.4541,0.2936,0.2523
1529734200,0.4984,48.6,0.3179,82.2,0.00176,0.4575,0.2918,0.2506
1529734500,0.504,48.3,0.3162,71.8,0.00137,0.4588,0.2879,0.2533
1529734800,0.4973,48.8,0.316,69.4,0.00201,0.4532,0.288,0.2588
1529735100,0.4929,50.5,0.3164,89.7,0.00206,0.4467,0.2868,0.2665
1529735400,0.487,51.1,0.3168,76.7,0.0015,0.4404,0.2865,0.2731
1529735700,0.4917,51.4,0.3164,80.3,0.00113,0.436,0.2806,0.2834
1529736000,0.4949,50.9,0.3165,81.4,0.00245,0.4363,0.279,0.2846
1529736300,0.4937,50.5,0.3152,76.0,0.00164,0.4379,0.2796,0.2825
1529736600,0.4935,49.7,0.3151,76.2,0.00108,0.4394,0.2805,0.2801
1529736900,0.4903,49.2,0.3141,67.2,0.00142,0.4445,0.2847,0.2708
1529737200,0.4854,49.3,0.3163,76.0,0.00123,0.4427,0.2885,0.2688
1529737500,0.4853,50.3,0.3173,73.9,0.00108,0.4386,0.2867,0.2747
1529737800,0.4787,50.7,0.3151,76.4,0.00113,0.4337,0.2855,0.2809
1529738100,0.4822,53.7,0.3147,79.8,0.00137,0.4263,0.2782,0.2955
1529738400,0.4995,54.2,0.3161,70.5,0.0012,0.4273,0.2704,0.3024
1529738700,0.4886,50.7,0.3131,80.4,0.00197,0.4497,0.2882,0.2622
1529739000,0.4937,48.7,0.318,81.3,0.0019,0.4367,0.2813,0.2821
1529739300,0.4929,45.1,0.3199,73.5,0.00149,0.4562,0.2961,0.2477
1529739600,0.488,43.3,0.3218,75.3,0.00135,0.4693,0.3095,0.2213
1529739900,0.4874,42.3,0.3228,80.0,0.00147,0.4628,0.3065,0.2307
1529740200,0.4777,41.2,0.32,76.8,0.00147,0.4612,0.309,0.2298
1529740500,0.473,41.9,0.3183,82.2,0.00148,0.4587,0.3087,0.2326
1529740800,0.4803,41.4,0.3201,75.7,0.00171,0.4572,0.3047,0.238
1529741100,0.4774,42.6,0.3214,73.3,0.00233,0.4522,0.3045,0.2433
1529741400,0.4774,43.0,0.3209,74.5,0.00182,0.4528,0.3044,0.2428
1529741700,0.483,44.5,0.3233,89.6,0.00135,0.443,0.2965,0.2605
1529742000,0.4772,44.7,0.3198,86.3,0.00261,0.4432,0.297,0.2597
1529742300,0.4636,44.2,0.3205,70.2,0.00109,0.4315,0.2983,0.2702
1529742600,0.4598,42.4,0.3185,74.5,0.00212,0.4275,0.2961,0.2764
1529742900,0.4742,40.4,0.3193,78.3,0.0011,0.4319,0.2908,0.2773
1529743200,0.4825,38.4,0.3204,72.3,0.00199,0.4336,0.2879,0.2784
1529743500,0.4779,37.5,0.3177,80.1,0.00115,0.4409,0.2931,0.2659
1529743800,0.4999,39.4,0.3233,81.5,0.00137,0.4478,0.2896,0.2626
1529744100,0.4916,41.2,0.3236,80.7,0.0022,0.4464,0.2938,0.2598
1529744400,0.4804,41.5,0.3214,76.5,0.00193,0.4513,0.3019,0.2467
1529744700,0.4778,42.0,0.32,76.3,0.00116,0.4509,0.302,0.2471
1529745000,0.4822,42.0,0.3192,82.9,0.00138,0.4479,0.2965,0.2556
1529745300,0.4795,42.1,0.3199,84.2,0.00154,0.4441,0.2963,0.2597
1529745600,0.4826,42.6,0.3218,83.1,0.00121,0.4434,0.2956,0.261
1529745900,0.4816,43.2,0.3204,72.8,0.00132,0.4492,0.2989,0.2519
1529746200,0.475,43.6,0.3207,82.9,0.00163,0.4474,0.3021,0.2505
1529746500,0.4812,43.5,0.3209,71.5,0.00101,0.4502,0.3002,0.2495
1529746800,0.4788,42.5,0.3197,76.1,0.00167,0.452,0.3018,0.2463
1529747100,0.4858,39.9,0.3147,84.7,0.00116,0.4754,0.308,0.2166
1529747400,0.4832,41.1,0.3153,83.1,0.00149,0.4669,0.3047,0.2284
1529747700,0.4627,39.5,0.311,82.2,0.00108,0.4664,0.3135,0.2201
1529748000,0.467,42.2,0.3095,75.5,0.00141,0.4602,0.305,0.2348
1529748300,0.4621,43.9,0.3069,72.6,0.00103,0.4543,0.3017,0.244
1529748600,0.4642,46.0,0.3079,75.4,0.00168,0.4495,0.2982,0.2523
1529748900,0.4596,46.7,0.3069,76.6,0.00219,0.4528,0.3024,0.2448
1529749200,0.4644,48.6,0.3129,78.4,0.00104,0.442,0.2978,0.2601
1529749500,0.4683,50.4,0.3154,80.6,0.00113,0.4347,0.2928,0.2725
1529749800,0.4609,51.4,0.3167,66.5,0.00106,0.426,0.2927,0.2813
1529750100,0.4419,51.7,0.3169,71.1,0.00134,0.4121,0.2955,0.2924
1529750400,0.4453,50.0,0.3164,73.7,0.00116,0.4263,0.3029,0.2708
1529750700,0.4504,51.1,0.3183,77.4,0.00133,0.4239,0.2996,0.2765
1529751000,0.46,51.2,0.3189,80.5,0.0018,0.4243,0.2941,0.2816
1529751300,0.4647,47.9,0.311,73.1,0.00127,0.4367,0.2923,0.271
1529751600,0.4725,47.0,0.3112,80.5,0.00138,0.4381,0.2885,0.2734
1529751900,0.4639,49.1,0.3113,76.6,0.00162,0.4323,0.2901,0.2776
1529752200,0.4574,50.3,0.3108,83.7,0.00107,0.4215,0.2864,0.2921
1529752500,0.4584,51.9,0.3081,76.2,0.00145,0.4253,0.2859,0.2888
1529752800,0.4636,54.0,0.3099,70.6,0.0011,0.4162,0.2782,0.3056
1529753100,0.4712,55.4,0.3141,76.1,0.0014,0.41,0.2733,0.3167
1529753400,0.48,56.8,0.3167,85.9,0.00105,0.4134,0.2728,0.3138
1529753700,0.4891,56.2,0.3149,81.1,0.00117,0.4246,0.2733,0.3021
1529754000,0.4871,52.5,0.3131,76.4,0.00155,0.4374,0.2811,0.2815
1529754300,0.4921,51.1,0.3133,71.4,0.00144,0.4445,0.283,0.2725
1529754600,0.4948,51.8,0.3139,75.1,0.00135,0.4467,0.2834,0.2699
1529754900,0.4904,52.1,0.3156,83.1,0.00138,0.4408,0.2837,0.2755
1529755200,0.4887,52.5,0.3152,82.1,0.00167,0.4406,0.2842,0.2753
1529755500,0.493,54.2,0.3179,79.2,0.00197,0.4371,0.2818,0.2811
1529755800,0.4854,55.3,0.3191,78.6,0.0012,0.4281,0.2814,0.2905
1529756100,0.4685,53.3,0.3155,80.9,0.00163,0.4328,0.2915,0.2757
1529756400,0.4746,53.8,0.314,86.5,0.0015,0.4364,0.2888,0.2748
1529756700,0.4824,56.4,0.3116,80.1,0.00175,0.4357,0.2815,0.2828
1529757000,0.4879,59.9,0.3122,83.7,0.00156,0.4328,0.277,0.2902
1529757300,0.485,61.2,0.3097,74.9,0.00107,0.436,0.2784,0.2856
1529757600,0.4775,58.0,0.3057,73.2,0.00128,0.4494,0.2877,0.2628
1529757900,0.4915,55.8,0.3111,84.6,0.00113,0.4408,0.279,0.2802
1529758200,0.4914,56.5,0.313,80.9,0.00176,0.4333,0.276,0.2908
1529758500,0.4896,57.8,0.3133,70.9,0.0011,0.4306,0.2756,0.2938
1529758800,0.49,60.0,0.3151,76.8,0.00194,0.4267,0.2744,0.299
1529759100,0.4783,61.8,0.3141,77.7,0.00157,0.4217,0.2769,0.3013
1529759400,0.4858,62.8,0.3143,81.9,0.00122,0.4221,0.2731,0.3048
1529759700,0.4941,63.4,0.3145,79.8,0.00131,0.4235,0.2695,0.307
1529760000,0.4979,65.1,0.3144,85.9,0.00103,0.4231,0.2671,0.3098
1529760300,0.4947,66.1,0.3142,80.1,0.00203,0.4204,0.267,0.3127
1529760600,0.4909,66.9,0.3119,71.2,0.00107,0.4251,0.2701,0.3049
1529760900,0.4917,66.8,0.3115,85.9,0.00148,0.4232,0.2681,0.3087
1529761200,0.4814,65.8,0.3111,88.4,0.00185,0.4185,0.2705,0.311
1529761500,0.4841,64.9,0.3121,76.8,0.00168,0.4155,0.2679,0.3167
1529761800,0.4896,64.8,0.3118,77.9,0.0014,0.4205,0.2678,0.3117
1529762100,0.4737,64.4,0.3115,85.1,0.00103,0.4081,0.2683,0.3236
1529762400,0.4467,62.2,0.3115,80.4,0.00131,0.3927,0.2739,0.3334
1529762700,0.4193,59.0,0.3065,69.8,0.00176,0.3737,0.2732,0.3531
1529763000,0.412,55.6,0.3045,73.4,0.00101,0.3636,0.2687,0.3677
1529763300,0.425,53.3,0.3124,78.0,0.00178,0.3587,0.2637,0.3776
1529763600,0.4311,54.1,0.3168,81.2,0.00186,0.3506,0.2577,0.3917
1529763900,0.4519,54.4,0.3233,67.5,0.0014,0.3502,0.2505,0.3993
1529764200,0.4597,57.7,0.325,73.9,0.00142,0.3493,0.2469,0.4038
1529764500,0.4675,58.4,0.3256,70.1,0.00117,0.3464,0.2413,0.4123
1529764800,0.4656,60.7,0.3218,72.8,0.00108,0.3441,0.2379,0.418
1529765100,0.4704,61.5,0.3172,76.1,0.00102,0.3501,0.2361,0.4139
1529765400,0.4835,63.0,0.3247,80.9,0.00107,0.349,0.2344,0.4167
1529765700,0.4765,63.9,0.3238,82.9,0.00134,0.3408,0.2316,0.4276
1529766000,0.4857,64.8,0.3271,82.9,0.00135,0.3391,0.2284,0.4326
1529766300,0.4896,65.5,0.3291,82.9,0.00128,0.3375,0.2269,0.4357
1529766600,0.4841,66.0,0.326,83.6,0.00109,0.3337,0.2247,0.4415
1529766900,0.486,65.3,0.3203,77.9,0.0014,0.337,0.2221,0.4409
1529767200,0.4979,65.2,0.3304,80.7,0.00127,0.3412,0.2264,0.4324
1529767500,0.4987,67.4,0.3321,78.9,0.00103,0.339,0.2258,0.4352
1529767800,0.4978,67.7,0.3287,68.7,0.00199,0.3403,0.2247,0.435
1529768100,0.4986,68.3,0.3326,79.1,0.00112,0.3374,0.2251,0.4375
1529768400,0.5174,50.1,0.3205,78.1,0.00237,0.4469,0.2768,0.2762
1529768700,0.5085,54.2,0.3134,81.8,0.00211,0.4424,0.2727,0.2849
1529769000,0.5132,57.8,0.3128,79.5,0.00219,0.4264,0.2599,0.3138
1529769300,0.4977,58.2,0.3182,77.4,0.00174,0.4046,0.2587,0.3367
1529769600,0.5405,60.7,0.3358,88.6,0.00286,0.3985,0.2476,0.3539
1529769900,0.5374,59.5,0.3412,89.3,0.00249,0.3948,0.2507,0.3545
1529770200,0.5367,56.1,0.3263,81.6,0.00245,0.4043,0.2458,0.3499
1529770500,0.5292,55.2,0.3255,82.8,0.00207,0.4051,0.2491,0.3458
1529770800,0.534,55.1,0.3277,80.8,0.00255,0.3976,0.244,0.3585
1529771100,0.5372,55.1,0.3339,88.1,0.00231,0.3929,0.2442,0.3629
1529771400,0.5545,56.7,0.338,90.6,0.00274,0.39,0.2377,0.3722
1529771700,0.5603,56.3,0.3431,85.5,0.0035,0.3854,0.236,0.3786
1529772000,0.5718,56.7,0.3527,101.0,0.00352,0.3839,0.2368,0.3793
1529772300,0.5689,56.8,0.349,83.5,0.00401,0.3842,0.2357,0.3801
1529772600,0.5576,56.4,0.3467,83.3,0.00306,0.3821,0.2376,0.3803
1529772900,0.557,54.4,0.3513,76.2,0.00301,0.3876,0.2444,0.368
1529773200,0.5659,53.7,0.3556,91.3,0.00341,0.3913,0.2459,0.3629
1529773500,0.5717,52.9,0.3569,83.0,0.00316,0.3945,0.2463,0.3592
1529773800,0.5441,52.2,0.3357,83.8,0.00286,0.4038,0.2491,0.3471
1529774100,0.5576,52.3,0.3462,89.1,0.00287,0.3932,0.2441,0.3626
1529774400,0.5619,52.0,0.3475,83.3,0.00356,0.3926,0.2428,0.3646
1529774700,0.5693,52.5,0.3532,82.2,0.00376,0.3918,0.2431,0.3652
1529775000,0.5701,53.1,0.3469,84.4,0.00331,0.3982,0.2423,0.3594
1529775300,0.5648,53.2,0.339,90.1,0.00399,0.3961,0.2378,0.3661
1529775600,0.5143,53.2,0.3098,75.0,0.00156,0.3783,0.2278,0.3939
1529775900,0.5542,53.9,0.3473,83.3,0.00338,0.3746,0.2347,0.3907
1529776200,0.5924,51.7,0.3561,88.4,0.004,0.3965,0.2383,0.3652
1529776500,0.5561,51.2,0.343,88.0,0.00298,0.3885,0.2396,0.3718
1529776800,0.5808,51.8,0.3602,84.6,0.00448,0.3888,0.2411,0.3701
1529777100,0.5575,51.6,0.3563,91.3,0.00334,0.3826,0.2445,0.3729
1529777400,0.5693,51.5,0.3583,83.3,0.00347,0.3867,0.2434,0.3699
1529777700,0.5672,50.8,0.3546,92.6,0.00309,0.3898,0.2437,0.3665
1529778000,0.5901,50.6,0.3621,89.7,0.00416,0.3941,0.2418,0.3641
1529778300,0.5918,50.6,0.361,87.9,0.00416,0.3924,0.2394,0.3683
1529778600,0.5893,50.1,0.3606,92.6,0.00373,0.3924,0.2401,0.3675
1529778900,0.5905,50.5,0.3572,82.2,0.00385,0.395,0.239,0.366
1529779200,0.5818,50.0,0.3631,82.1,0.00374,0.3992,0.2491,0.3517
1529779500,0.5857,50.8,0.359,82.8,0.00426,0.4017,0.2462,0.352
1529779800,0.5912,51.2,0.3632,88.8,0.00386,0.4033,0.2478,0.3489
1529780100,0.5843,50.8,0.3586,82.6,0.0037,0.4096,0.2514,0.339
1529780400,0.559,50.1,0.3443,90.1,0.00345,0.4095,0.2522,0.3382
1529780700,0.5734,51.1,0.3455,91.7,0.0032,0.4123,0.2485,0.3392
1529781000,0.5736,51.2,0.3442,84.9,0.00371,0.4085,0.2451,0.3464
1529781300,0.5729,51.2,0.3457,82.3,0.00331,0.4083,0.2464,0.3453
1529781600,0.5616,51.5,0.336,87.0,0.00311,0.4095,0.245,0.3455
1529781900,0.5447,50.6,0.3293,88.1,0.00244,0.4154,0.2512,0.3334
1529782200,0.5644,51.6,0.3438,75.8,0.00326,0.4141,0.2522,0.3337
1529782500,0.5656,52.3,0.3382,89.6,0.0031,0.4184,0.2502,0.3314
1529782800,0.5552,51.7,0.335,88.2,0.0028,0.417,0.2516,0.3313
1529783100,0.5715,51.3,0.3492,86.3,0.00404,0.4198,0.2565,0.3237
1529783400,0.5543,51.5,0.3435,82.2,0.00264,0.4296,0.2662,0.3042
1529783700,0.5595,51.6,0.3459,86.8,0.00357,0.4282,0.2647,0.3072
1529784000,0.5388,52.3,0.333,82.3,0.00256,0.4228,0.2613,0.3159
1529784300,0.5675,52.6,0.3513,76.3,0.00316,0.4207,0.2604,0.319
1529784600,0.5622,52.5,0.3536,90.3,0.00398,0.4283,0.2694,0.3023
1529784900,0.5555,52.9,0.3491,83.7,0.00281,0.4305,0.2705,0.299
1529785200,0.5344,52.8,0.3345,85.4,0.00215,0.426,0.2666,0.3074
1529785500,0.5363,51.9,0.331,87.7,0.00296,0.432,0.2666,0.3014
1529785800,0.5373,54.3,0.3292,80.9,0.00245,0.4281,0.2623,0.3096
1529786100,0.5337,56.1,0.323,82.4,0.00299,0.4268,0.2583,0.3149
1529786400,0.5325,57.8,0.3248,95.6,0.00235,0.4303,0.2625,0.3072
1529786700,0.5232,56.5,0.3217,85.8,0.00191,0.4332,0.2663,0.3005
1529787000,0.5206,55.8,0.3222,84.6,0.00183,0.437,0.2705,0.2925
1529787300,0.5251,56.3,0.3291,87.6,0.0022,0.4304,0.2697,0.2999
1529787600,0.5244,57.6,0.3246,89.1,0.00182,0.4298,0.2661,0.3041
1529787900,0.5245,58.2,0.3236,80.9,0.00265,0.4513,0.2784,0.2703
1529788200,0.528,57.8,0.327,75.9,0.00217,0.44,0.2725,0.2876
1529788500,0.5213,56.7,0.3208,90.0,0.00203,0.4435,0.2729,0.2836
1529788800,0.5473,56.6,0.3417,82.2,0.00253,0.4398,0.2746,0.2857
1529789100,0.5429,56.2,0.3454,85.9,0.00283,0.4325,0.2752,0.2923
1529789400,0.5573,55.8,0.3571,88.7,0.00316,0.4306,0.2759,0.2935
1529789700,0.5562,55.1,0.3606,81.4,0.00326,0.4266,0.2765,0.2969
1529790000,0.5658,55.0,0.364,93.0,0.00315,0.4292,0.2761,0.2946
1529790300,0.5573,54.5,0.3548,87.0,0.00298,0.4312,0.2745,0.2942
1529790600,0.5508,54.0,0.3516,82.4,0.00261,0.4293,0.2741,0.2966
1529790900,0.5635,53.1,0.3551,82.4,0.00389,0.4386,0.2764,0.285
1529791200,0.5381,52.7,0.3311,82.3,0.00282,0.4497,0.2767,0.2736
1529791500,0.5441,53.3,0.3323,87.5,0.00277,0.4476,0.2734,0.279
1529791800,0.5444,53.8,0.3376,93.6,0.00293,0.4453,0.2762,0.2785
1529792100,0.5432,53.6,0.3379,83.2,0.00267,0.4466,0.2778,0.2755
1529792400,0.5279,52.6,0.3221,87.8,0.00293,0.4634,0.2827,0.2539
1529792700,0.5242,53.2,0.3209,80.1,0.00186,0.4522,0.2768,0.271
1529793000,0.5365,55.0,0.33,90.2,0.00301,0.4387,0.2698,0.2915
1529793300,0.5324,56.5,0.3304,82.5,0.0021,0.4336,0.2691,0.2973
1529793600,0.544,57.2,0.3289,99.1,0.00274,0.4508,0.2726,0.2766
1529793900,0.5438,57.6,0.3298,81.2,0.00264,0.4464,0.2707,0.2829
1529794200,0.5372,57.1,0.3236,90.0,0.00248,0.453,0.2729,0.2741
1529794500,0.5297,55.9,0.3163,79.1,0.00195,0.4557,0.2721,0.2722
1529794800,0.5393,55.3,0.3203,79.1,0.0029,0.4559,0.2708,0.2734
1529795100,0.5488,55.1,0.319,77.8,0.00282,0.4658,0.2707,0.2635
1529795400,0.5239,56.3,0.3043,79.0,0.00202,0.4764,0.2767,0.2469
1529795700,0.5229,57.2,0.3007,74.6,0.00181,0.4838,0.2782,0.238
1529796000,0.5209,58.3,0.3036,72.4,0.00196,0.4812,0.2805,0.2384
1529796300,0.5088,58.4,0.2963,79.1,0.00156,0.484,0.2818,0.2342
1529796600,0.5019,58.8,0.2908,80.6,0.00108,0.4866,0.2819,0.2315
1529796900,0.505,60.3,0.2934,79.0,0.00181,0.4808,0.2793,0.2399
1529797200,0.5064,60.4,0.2982,80.0,0.00139,0.4719,0.2779,0.2501
1529797500,0.4992,58.7,0.2957,75.5,0.00102,0.4691,0.2779,0.253
1529797800,0.518,58.9,0.3014,80.6,0.00209,0.4683,0.2725,0.2592
1529798100,0.5211,59.0,0.303,76.7,0.00204,0.4643,0.27,0.2657
